0 0 0 0 0 0
0 0 0 0 0 0
0 0 0 0 0 0
0 0 0 0 0 0
0 0 0 0 0 0
0 0 0 0 0 0
0 0 0 0 0 0
0 0 0 0 0 0
0.07746895552221386 -0.01247963142297633 -0.09380657879378314 -0.01517478269174178 0.0996859180736783 -0.002953529094178191
-0.002185421605846228 -0.0002604211188346346 -0.02161555248727948 0.001084212053237261 -0.02229201920095033 -0.0001706286384007273
0.0002157010351977484 3.998145046986817e-05 -1.770098027537657e-05 4.814360822832621e-05 -0.0003300039996779501 2.073092961144141e-05
5.95104245997825e-07 1.813650422156082e-07 1.64278772921421e-06 -1.880443838544818e-06 1.158503365949071e-05 -5.131451222794611e-08
-8.534913067265944e-08 -2.386506944751687e-08 5.503870073104131e-09 -1.670141019716089e-08 1.375981863920579e-07 -1.026181894499456e-08
-6.637015139154386e-11 -3.636166907746111e-11 -2.132109107991165e-10 5.672948420791446e-10 -2.228132115315393e-09 1.59025439391055e-11
1.259351860139227e-11 4.19782629661653e-12 -1.270613918326905e-13 1.182966764563374e-12 -2.091850854564823e-11 1.875453638826978e-12
2.907824143962201e-15 2.314006725307062e-15 1.265111824131085e-14 -3.726591465690336e-14 1.408597927310144e-13 5.364738121411585e-16
-6.370628806690126e-16 -2.31719535288978e-16 -2.850554363721454e-17 2.986325676069264e-17 1.048840204980519e-15 -1.009060924124854e-16
0.06351852976410664 0.02117351603541048 -0.04209195985041748 -0.01581595507132738 0.03566134963823772 -0.06404287821622094
-0.002891623829196166 0.000604806477312699 -0.02289368794577164 0.005938147555756272 -0.02292011089268035 -0.001296194615783207
0.0002377889081273101 6.491873064142858e-05 -9.13736336936914e-05 0.0001046459268034357 -0.000217163844457883 3.64727642469495e-05
1.021975957378083e-06 -3.092692738043215e-07 2.30528361456937e-06 -2.568222724447146e-06 1.146557746432678e-05 1.776073375156176e-07
-9.341262588684655e-08 -3.900688284175034e-08 4.243982321904008e-08 -4.895056508356277e-08 7.705609034320402e-08 -8.964821174904327e-09
-1.474866028113029e-10 3.797000914212116e-11 -3.428262524996554e-10 6.809295312533532e-10 -2.189862208258209e-09 4.355950460503053e-13
1.364857129546007e-11 7.016298673441071e-12 -6.728243626859779e-12 6.608546851421571e-12 -1.021902988401477e-11 1.31388038067654e-12
7.749199495439149e-15 -1.306996279062212e-15 2.093348218238909e-14 -4.506303467562196e-14 1.387203452421406e-13 9.818207966645191e-16
-6.836120530791563e-16 -3.950945788383713e-16 3.508391356938889e-16 -2.552024546191567e-16 4.475673252041872e-16 -6.628334755964634e-17
0.06607022083585175 0.05352178430987758 -0.0002250319729199951 -0.001640962040047121 0.02133162767683408 -0.1333484146651814
-0.003065095404873285 0.001522928161764085 -0.02288190857729823 0.009831729691878517 -0.02132809828888964 -0.002758607741393397
0.0002315785874356874 8.474516826998615e-05 -0.0001676203903953844 0.0001534796306787778 -0.0001526318008351516 4.888951362452507e-05
1.125081566772315e-06 -9.617635755515444e-07 2.076414328743711e-06 -2.777694320745477e-06 1.081652368693143e-05 6.011045927759819e-07
-9.04254744259597e-08 -5.020595455381719e-08 7.903011243077058e-08 -7.81530554733173e-08 3.618669399548647e-08 -3.424321512442162e-09
-1.675758613028054e-10 1.442611110242359e-10 -2.832705731621029e-10 6.892045835689825e-10 -2.103904634366999e-09 -3.441700142557711e-11
1.308396731635615e-11 9.138207952607821e-12 -1.321520921051301e-11 1.201326222231173e-11 -2.667538243709467e-12 -1.700377934502364e-14
8.985375224884591e-15 -6.547659747465128e-15 1.709679531870332e-14 -4.564573334551738e-14 1.348363908228415e-13 1.528313754604885e-15
-6.490781464148555e-16 -5.221282364652287e-16 7.262714778717156e-16 -5.701434569967618e-16 1.869596799173045e-17 7.758418729641857e-18
0.08329607434731146 0.1147800756611104 -0.0212850443934838 0.03615844325981316 0.07762852445185779 -0.2458364473747024
-0.00284447637764728 0.002205800052310656 -0.02099302746669379 0.01376214226878734 -0.01560039419992152 -0.004824838808495562
0.0001965097595476731 6.903778790348087e-05 -0.0002076831114405496 0.0001540945071732167 -0.0001747311137220622 2.499182361946044e-05
8.985972039580869e-07 -2.31007366198577e-06 2.604047274988308e-07 -2.108588242298114e-06 8.903398169670846e-06 1.445258583207705e-06
-7.847660198873566e-08 -3.481433747909584e-08 8.925858181362988e-08 -7.733165739230615e-08 4.306299347070543e-08 2.457195711394098e-08
-1.202019076031409e-10 4.430335788484075e-10 1.628205265719379e-10 5.066224914197418e-10 -1.865817881690619e-09 -1.577543522205594e-10
1.150905218954592e-11 6.274648281274883e-12 -1.401381470322176e-11 1.227948785855728e-11 -4.455203127722078e-12 -5.348724976334579e-12
6.151124687521683e-15 -2.460369430744142e-14 -1.350316722058887e-14 -3.332059670542755e-14 1.244878050366501e-13 7.157343129249006e-15
-5.746796203594563e-16 -3.698657987435074e-16 7.454151738037669e-16 -6.229637208962561e-16 1.676581874745902e-16 3.13276771563777e-16
0.08871150525016519 0.1587595896309088 -0.05396819551238731 -0.03338537061131758 0.03779834835288252 -0.3324344777928783
-0.002901652776260938 0.0009563676318072171 -0.02198302595529643 0.01498578593404023 -0.01177807821967293 -0.005899477943438389
0.000162668006269881 4.293210712410405e-05 -0.0002089449401939367 0.000198750260642207 -0.0001363606272892162 5.916495483600529e-05
1.058582111101945e-06 -2.448245513567024e-06 8.648056700708384e-07 -8.41661889392477e-07 6.390729458353333e-06 1.504366935759391e-06
-6.311251067648139e-08 -7.533495607167339e-09 7.364187280900389e-08 -7.687169184003929e-08 3.543059910155213e-08 1.609759364069702e-09
-1.694239640336512e-10 5.507892046934389e-10 1.251573945012513e-10 2.175129669743692e-10 -1.364287394322108e-09 -9.663837571427678e-11
9.037148733954316e-12 6.760645571676949e-13 -9.362906150317088e-12 1.06269306437727e-11 -5.471924964904003e-12 -9.321425062943636e-13
9.823322246370092e-15 -3.36365431681904e-14 -1.524422625537419e-14 -1.562652733442524e-14 9.452400356391685e-14 -4.872571216436008e-16
-4.389456971986461e-16 -4.139297961835476e-17 4.193693338489767e-16 -4.948943873114936e-16 3.388616705559608e-16 7.346543301965207e-17
0.08141134644605999 0.2014707093902731 -0.0660088032229308 -0.06076276835898238 0.02457448659558433 -0.4034876738214178
-0.002470352177835683 -0.0003444119122856309 -0.02292810294012408 0.01716692343214467 -0.009271964069436428 -0.005556715943606588
0.0001322521318110049 2.929117571244256e-05 -0.0001740024461736203 0.0001322428792888536 -0.0001066736107971683 3.800158542198132e-05
8.617727523169396e-07 -1.242043717393046e-06 2.114963172569464e-06 -1.308258197714724e-06 5.164673280445668e-06 1.273562431369798e-06
-4.690494555437425e-08 2.923478741740046e-09 4.891138393074977e-08 -3.227471263886412e-08 1.191334756588175e-08 3.777398773602284e-09
-1.317455751541001e-10 2.553098371323282e-10 -1.087868320658771e-10 2.283199214087928e-10 -1.151413337163346e-09 -8.119265275823758e-11
6.410547338382512e-12 -1.510842860684184e-12 -4.911023748113609e-12 2.439704317140375e-12 -5.807938953248178e-13 -2.220210016106659e-14
7.410142902282435e-15 -1.379899272932357e-14 -1.478503050297943e-15 -1.429664299335355e-14 8.279030004333562e-14 -2.209153948321014e-16
-3.013403400179882e-16 9.611330617463141e-17 1.786648856057901e-16 -3.25494170204351e-17 3.104274700158169e-17 -1.930563198443805e-17
0.08489003892108395 0.2624339477740354 -0.07737895712659121 0.07830054650001159 0.01818905419135006 -0.3774796818063599
-0.001386003464002751 -0.001091741648373531 -0.0199115975833406 0.01545578534906126 -0.008328140179118126 -0.002978418307820095
8.600162153495209e-05 -8.16275285832858e-07 -0.0001349196604718176 -7.617082563249965e-05 -0.0001507088100510841 -9.984318891771512e-05
2.003931933197502e-07 -1.252720059285216e-07 1.883648083726028e-06 -1.548082178161436e-08 5.425434235515622e-06 -1.375458867576921e-07
-2.749863471431047e-08 1.499309847913917e-08 3.078747810027321e-08 5.849827279866057e-08 5.596554971363317e-08 6.391661792425017e-08
2.351521984025575e-12 -2.782655883846394e-11 -1.324851765781691e-10 -1.437393204259869e-10 -1.219397977556304e-09 1.254829412774222e-10
3.807117326241453e-12 -3.641381425242522e-12 -2.359831699031664e-12 -1.203279325160617e-11 -8.547826992151279e-12 -8.819800124070131e-12
-9.680979184950266e-16 5.102453607108672e-15 1.584341427690317e-15 1.191237840792486e-14 8.767417110766624e-14 -9.092595182809535e-15
-1.877095080695497e-16 2.268831696920677e-16 7.113179457513875e-17 7.368313151160396e-16 4.194598442057054e-16 3.987690970707565e-16
0.07971450051635771 0.3072154292334937 -0.0668822398383942 0.2399326459920275 -0.08122292025793029 -0.3296303883690208
-0.001184911683877292 -0.0004213202430169694 -0.01546358656176766 0.008555212499734845 -0.007315293232855184 -0.001632045714667356
4.134316758077675e-05 -1.57172940426092e-05 -0.0001159530691389701 -0.000229070105890072 -0.0001873001324821778 -0.0001157352430193299
1.302422795324013e-07 -3.785847007222239e-07 2.119802168999647e-06 3.89690396102779e-06 4.518707989854978e-06 -7.831176601285563e-07
-8.603977196804722e-09 1.726327248394054e-08 1.996282785142823e-08 1.109091252267745e-07 1.012479877067945e-07 5.346535112667831e-08
1.71367873479926e-11 3.587146806904776e-11 -3.185447543570667e-10 -1.033343389195694e-09 -9.075710148874645e-10 2.555981143118084e-10
1.220324087639783e-12 -3.317269308573898e-12 -3.069336209200543e-13 -1.88672577506166e-11 -1.827561399966714e-11 -5.762687576132963e-12
-1.99270731175673e-15 1.643757766624278e-16 1.554392922096897e-14 6.984492507244452e-14 6.31405688018688e-14 -1.712059869436114e-14
-7.087059246843319e-17 1.811581074137133e-16 -4.364652134600818e-17 1.04219467634182e-15 9.999936883648742e-16 1.86276931421001e-16
0.07704470061318269 0.322676744548119 -0.03720866030987427 0.3729131123870209 -0.1036545175323415 -0.2571681036604768
-0.0004106067201194817 -8.927286700318831e-05 -0.009631710480354407 0.006546623497357152 -0.003898351206226303 -0.00106835327218888
1.84422561407382e-05 3.922556486098471e-06 -7.507316386390522e-05 -0.0001638997708197595 -0.0001257607559029279 -2.17605396414007e-05
-1.459756011478308e-07 -4.459472490174779e-07 1.092202112892047e-06 2.252403201596185e-06 2.201941474446803e-06 -1.063668429308782e-06
-2.725194253740997e-09 2.098076937277602e-09 1.133210338312861e-08 4.142956548243028e-08 6.14637375117697e-08 -9.462121699432109e-10
5.545075978990359e-11 6.386343416475363e-11 -2.254583016164342e-10 -6.728562537794006e-10 -3.144945630610064e-10 3.342800137178612e-10
7.396202988102754e-13 -1.702002292242583e-13 -4.346770066220386e-13 -4.311771965235109e-12 -1.125621855701447e-11 2.226235506229309e-12
-3.921366836208363e-15 -2.761252035675289e-15 1.471713436724926e-14 4.739028767064309e-14 1.745951461374978e-14 -2.326641307846772e-14
-6.113565465596867e-17 -7.060820075630719e-18 1.193843984940452e-17 1.518568563992789e-16 6.332492722218815e-16 -1.79208369618303e-16
0.07585654732911602 0.3413423347197911 -0.0389953204536282 0.4927805501516523 -0.05408125586212081 -0.1283468848264444
-0.0004029001328107862 -0.0003993003875158768 -0.003163366944789525 0.003160325304221725 -9.359937478196041e-05 -0.001023402282568273
1.420172262616012e-05 2.134621522429725e-05 -2.050109775835584e-05 -3.844831904662661e-05 -4.045002858842557e-05 2.71279027120403e-06
1.213848079797206e-07 1.555714071492955e-08 -2.549662489095195e-07 1.021944867639147e-06 2.74594814231986e-07 -2.55968255078172e-09
-3.391036863159461e-09 -8.169992519639034e-09 -5.290119264754598e-09 -1.080483539358212e-08 1.609220637542464e-08 -1.048202834599747e-09
-1.620651898996418e-11 -3.478339306544942e-12 3.980527692716232e-11 -3.054142009944614e-10 -1.357275644648314e-12 3.598801537237277e-11
6.023941325567394e-13 1.343988313227197e-12 1.39797111637503e-12 3.223407374333103e-12 -2.507208458199961e-12 -1.608151958359835e-13
9.483078105007486e-16 -2.308513346987387e-16 -1.507304598614953e-15 2.11323068621071e-14 -1.915838042461446e-15 -2.775414643278779e-15
-3.540856364189771e-17 -7.413562616541232e-17 -7.159288926581082e-17 -2.274680345946074e-16 1.131968248670899e-16 4.380974325914998e-17
0.08279216693345881 0.3711273725336715 -0.09106508181056262 0.4572859068622902 0.00228076111158922 -0.01671657784183731
-0.0003438811088063787 -0.0001639313091342147 -0.0006183714769062154 0.001780867433264884 0.001190995286882421 -0.0008118933654604305
4.861291793752738e-06 4.462915594970411e-06 -8.657128408533813e-06 -2.314999992953644e-05 -6.502171730626671e-06 -1.09828922602384e-05
1.718187904282187e-07 -3.492838337521232e-08 1.323738614603892e-07 -4.422740910009141e-07 -2.469672403721913e-07 2.447393151893416e-07
-7.65059153015958e-10 -1.197721189092193e-09 2.438576928452646e-09 5.976421258445527e-09 2.357223455923603e-10 7.432597953268129e-09
-3.934860509864527e-11 2.35233836924734e-11 1.338258769311253e-11 5.895811044277151e-11 7.712720247995793e-12 -2.223330936104155e-11
-1.372724816876816e-13 1.5019791323737e-13 1.629804389143896e-13 -4.735228756927822e-13 2.436112722666358e-13 -1.523170988908051e-12
3.06730191714417e-15 -2.497719339642724e-15 -4.048665050306059e-15 -2.652991549367402e-15 9.133418082704442e-16 2.078305720087293e-16
2.464571070641072e-17 -9.798659049578435e-18 -5.165867257213381e-17 -1.073937095926361e-17 -3.36000962551485e-17 9.364054486307362e-17
0.08118144228859966 0.4013008395338508 -0.1704597207166516 0.3323258358763283 0.1362000466190086 0.04529956766491223
0.0003852638012287359 -0.0007266939928860806 -0.002704238487522389 0.001812172388635229 0.001431542812720107 -0.001027863908308649
1.86382620154225e-05 2.320962949329404e-06 -1.562506653259837e-05 -8.176762218994138e-05 -7.682373639811033e-05 -4.545418661671692e-05
-2.085861934666634e-07 1.443305884757037e-07 -3.888924104976731e-07 5.160532392576421e-07 -3.618023661483737e-07 2.338362604735123e-07
-4.492536244821321e-09 -3.874705109161135e-09 9.755075110297243e-09 2.767916595382965e-08 1.144724304780959e-08 1.392174411263373e-08
3.467867875145114e-11 -3.026863781016292e-11 1.369599436615674e-11 -4.683606136896881e-11 1.472344342881133e-10 -4.088613251747252e-11
6.450977737486846e-13 8.73351283092804e-13 -1.60038725795919e-12 -4.190610016214329e-12 -1.767348788350808e-12 -2.635533501507503e-12
-1.538771833944113e-15 1.890763872597415e-15 2.72224824929646e-15 -1.912530322232432e-15 -1.427551876627831e-14 2.74335220217068e-15
-3.285165324996235e-17 -5.944847422008235e-17 7.229056756478316e-17 2.34799841352848e-16 1.328981495479046e-16 1.774343214996356e-16
0.06877299776843539 0.412472550559203 -0.2367040218014084 0.2379192469972887 0.2177624324154348 0.07465958213536053
0.001278931590528721 -0.001241033696405786 -0.009606175400356923 0.004327911901781955 0.005816800461531864 -0.00204371056533698
5.9847566675793e-05 8.030375950882001e-06 -4.394897198328088e-06 -0.0001428244202359075 -0.0001234891418159929 -8.277418840096578e-05
-4.771367709715895e-07 1.782966915398996e-07 -6.758964479017493e-07 1.280334606488691e-06 -7.751282625942095e-07 8.246201750205402e-07
-1.658563828090412e-08 -1.206853031358807e-08 1.136681491507963e-08 5.649550194228783e-08 5.155215768560796e-09 3.376063984382823e-08
7.544809604817127e-11 -3.580506232146287e-11 1.651461254319344e-10 -2.588237285049345e-10 1.428802310998103e-10 -1.08311543599833e-10
2.36152435959328e-12 2.607851280587939e-12 -2.17109278465909e-12 -8.947446227438778e-12 -5.085880167477318e-13 -5.898097062569798e-12
-4.016518725684273e-15 2.26336562420575e-15 -7.161434734539147e-15 1.381254936975383e-14 -1.330162823966534e-14 4.583164368992885e-15
-1.23446365952532e-16 -1.636030461874654e-16 1.118176824913444e-16 4.927013424636665e-16 1.083284797512862e-16 3.472222512424236e-16
0.05566311834940867 0.4032897273982964 -0.3272524408582764 0.08221833703518003 0.1336877923733446 0.05973977466464801
0.001616519326687332 -0.001164171176987218 -0.01965934603729121 0.00585033293219305 0.01365302350541069 -0.001937595056098832
0.0001158363812090672 -3.958969921216986e-05 0.0002010537544421925 3.663806777839073e-05 -0.0001450652373175076 5.020773021272685e-06
-3.793980520913172e-07 2.279734268195847e-07 3.453672160400043e-07 3.62671281452856e-06 -1.799678086545535e-06 1.375563981166992e-06
-3.888958305516463e-08 5.607868676889215e-09 -8.983508420270266e-08 -1.781586712584116e-08 2.966681200695536e-08 9.451893054783658e-10
4.920264730188701e-11 -6.139393661383789e-11 2.266166719350491e-10 -7.547033198363398e-10 1.107155256793187e-10 -2.758313320639802e-10
5.838820805539177e-12 1.077422274325602e-13 1.521366117193112e-11 3.726806613141707e-12 -5.317739779641248e-12 -5.740987952061984e-13
-3.038587816783427e-15 4.505515483882582e-15 -1.862541229806083e-14 4.656747985534375e-14 -6.036208189118544e-15 1.795694114709665e-14
-3.092283026783145e-16 -4.209607294980662e-17 -8.405768629375329e-16 -2.32208444420256e-16 3.592629776053045e-16 3.496186987701721e-17
0.04392626339504356 0.3524598760982107 -0.3415122002100505 0.125108773360973 0.1185048261459932 0.103844951179616
0.002179934330653029 -0.0007220644267754333 -0.02960637176210821 0.01139392597253063 0.0216019247348572 -0.001156345019495691
0.0001391486307129215 -4.148329756202605e-05 0.0001985552932188096 1.324005949730026e-05 -0.0001251697493540916 4.717776277606264e-05
-5.305838684405967e-07 -9.621974037964088e-07 3.969177337783243e-06 4.741132635215938e-06 -5.838874524245931e-06 3.013286249085414e-07
-4.9397553729059e-08 1.523659947774612e-08 -1.155712082227602e-07 -3.932525871595617e-08 5.273562620152365e-08 -5.85788481726625e-09
6.245291074115948e-11 2.135482922509532e-10 -3.211525305776477e-10 -1.136781632141954e-09 6.340014105012617e-10 -4.385246700432462e-11
7.610574833989406e-12 -2.004862563898498e-12 2.216987827481335e-11 1.087779170206159e-11 -1.20419274250302e-11 -4.961019990563984e-13
-3.359268377948346e-15 -1.266835300474458e-14 1.051063027027724e-14 7.174768347554377e-14 -2.647305243236369e-14 3.183058568737578e-15
-4.076098248714485e-16 7.485148158726245e-17 -1.309994434985291e-15 -7.665384897179449e-16 8.327476579431461e-16 6.538045650069576e-17
0.02633643278226733 0.2835032511359502 -0.3229489174465719 0.1752947258813983 0.1246583703812786 0.1103136038698978
0.002931367253911494 -0.001116314616444705 -0.03864428248583067 0.01999405496039633 0.02793990400878864 -0.001131777106473807
0.0001566402625434682 -9.0702552762348e-06 8.456193088337324e-05 -8.599706665190398e-05 -0.0001893027071620571 0.0001476030226302135
-8.845211827137661e-07 -1.496315948787395e-06 8.875300454633214e-06 2.045345233547334e-06 -1.091403117965587e-05 6.398769170367659e-07
-6.347862153480094e-08 1.222239813232925e-08 -3.616137965757074e-08 4.278492703266004e-08 8.09724658634614e-08 -6.961832290587786e-08
9.236263477032806e-11 3.809164432433288e-10 -1.347127954416145e-09 -8.495334464776755e-10 1.711649776777256e-09 -1.145451628359931e-10
1.053135680339244e-11 -2.827389130686813e-12 6.813041104770743e-12 -7.376680332450503e-12 -1.600968647903558e-11 1.111027051889011e-11
-3.394453594828649e-15 -2.477057262482102e-14 7.71173357178415e-14 6.212164331091514e-14 -9.579682741170823e-14 6.494027891021417e-15
-5.871469695144715e-16 1.678666313655366e-16 -4.095822049082664e-16 3.943220559322879e-16 1.012954930426773e-15 -5.893745619330352e-16
0.01719115394020732 0.1997068685252024 -0.3132991884012984 0.1477893172427896 0.0825305988121036 0.07795881796578588
0.003394231436544864 -0.001250801615113249 -0.04398229118337832 0.02425408367485907 0.03494129992431155 -1.973976402973597e-05
0.0001560283146952241 7.609363707586823e-05 9.508605936463829e-05 2.009607375451759e-05 -0.0002459376975484267 0.0001595759050672776
-1.213717519886155e-06 -8.43226389470284e-07 1.232275559428548e-05 -7.540989208398167e-08 -1.70296476419878e-05 2.006622651826001e-07
-7.289035752567052e-08 -2.591793769005998e-08 -2.361289215043874e-08 -3.615127370605513e-08 1.067033189885415e-07 -8.432808983969485e-08
1.466963363069307e-10 2.099627923285295e-10 -2.112027596464732e-09 -4.865017024059012e-10 2.985408708932521e-09 -5.589922944710714e-11
1.296277804624231e-11 2.739209851723476e-12 3.288353519423954e-12 8.631490999482887e-12 -1.835582057288058e-11 1.404817484581486e-11
-6.147983607788592e-15 -1.241042357973209e-14 1.281735567109783e-13 4.137879159962778e-14 -1.745324179401595e-13 4.150022620490342e-15
-7.469808928267387e-16 -8.589640988023813e-17 -1.771805427666825e-16 -5.755738391875241e-16 1.037398878006926e-15 -7.555423664836864e-16
0.01449442152076907 0.1600706354642266 -0.3092708407033555 0.1091514323154806 0.05616429230041664 0.0716879469741746
0.003602981722430049 -0.001052202503681599 -0.04575733281122867 0.02358256687658923 0.03509556320400414 0.0003090892403611374
0.0001474103629662117 8.445104828835499e-05 0.0001149272654852828 4.069769930689102e-05 -0.0002319231170243963 0.0001470702244149108
-1.372249102567576e-06 -5.849129826173782e-07 1.345674335119331e-05 -1.058502329890471e-06 -1.650769621864542e-05 1.342049155711464e-07
-7.294910445585045e-08 -3.289787143840485e-08 -2.554251246539113e-08 -3.824186107470725e-08 1.188946548736666e-07 -8.567703111526583e-08
1.768025872828445e-10 1.394050137870291e-10 -2.349386253990289e-09 -2.247739765230565e-10 2.788597051990309e-09 -5.571752242899733e-11
1.334428807684745e-11 4.171806859788706e-12 2.840779352970986e-12 7.875958314741738e-12 -2.244458146501363e-11 1.541627046337533e-11
-7.949223574714155e-15 -7.654573442346154e-15 1.430959781548837e-13 2.433963142056486e-14 -1.585293467060208e-13 4.784283263305453e-15
-7.788886701959236e-16 -1.6849402257139e-16 -1.291932680807947e-16 -4.760136489700393e-16 1.344926921243189e-15 -8.817504216836625e-16
0.01332297619865166 0.129091412320196 -0.3010933112793405 0.09592672342276359 0.03271161720843496 0.06605460046670085
0.003722007562758948 -0.001037316679783814 -0.04755356654416546 0.02086804300142713 0.03516095305956587 0.001086504133931671
0.0001358900489755165 7.915984138935865e-05 0.0001238687048789871 4.539623460034247e-05 -0.0002274514892968871 0.0001256906501444835
-1.460679686710782e-06 -4.081439340271763e-07 1.461904051766262e-05 -1.218978750333048e-06 -1.655393928970812e-05 -4.677324609485107e-07
-7.028451486170751e-08 -3.23547624185189e-08 -2.676970217003699e-08 -3.670875475249365e-08 1.353773392608393e-07 -7.724698889648255e-08
1.939355308467356e-10 1.092057420899527e-10 -2.582572140365628e-09 -5.990465564561191e-11 2.796128384146762e-09 5.635604614613886e-11
1.315417981330498e-11 4.367120007775098e-12 2.742555541724018e-12 7.091998716217721e-12 -2.706476160064224e-11 1.449809803622325e-11
-9.027858734651822e-15 -6.337950784357735e-15 1.571088727694077e-13 1.034872794838364e-14 -1.586730741963687e-13 -1.293380942233995e-15
-7.756747356766868e-16 -1.905687267684933e-16 -1.145543315183429e-16 -4.071846379233639e-16 1.664764536303019e-15 -8.558462151755944e-16
0.01082995916495373 0.1044144928784589 -0.2945105302328998 0.08749755282246069 0.01940082988170008 0.05970209637193431
0.003693474024222357 -0.0008046182636101688 -0.0486790321029487 0.01849772452227045 0.03586304262884045 0.0012974090900414
0.0001265395891056885 7.92430986703921e-05 0.0001331146898412691 6.099026719340035e-05 -0.0002053976256037717 0.0001045376609428213
-1.458819556190765e-06 -4.696497310495506e-07 1.549717019338159e-05 -1.310665496734767e-06 -1.721974945043339e-05 -7.797708628827423e-07
-6.723654966705251e-08 -3.371104362036565e-08 -3.03735139040024e-08 -4.365899361859327e-08 1.295783866255712e-07 -6.568515837130483e-08
1.94687847139118e-10 1.312862253845873e-10 -2.773876489965958e-09 7.234197516680861e-11 2.95464949082894e-09 1.232014690225323e-10
1.279675528920872e-11 4.816721112987857e-12 3.279810556633393e-12 8.06589859058342e-12 -2.648852849503049e-11 1.245812354609672e-11
-9.161520377836924e-15 -8.402192266419705e-15 1.692370096987434e-13 -1.455906095698388e-15 -1.694162768281098e-13 -5.204435884845167e-15
-7.606273405055078e-16 -2.260415203542147e-16 -1.426455567507924e-16 -4.499386082961265e-16 1.644025330006842e-15 -7.392336274336113e-16
0.0131073358685909 0.07911105749751986 -0.2933647193277067 0.07280181451448059 0.01593821699463971 0.05304930590668328
0.003674628729789489 -0.0003609114429737552 -0.04908833156144764 0.016018049653797 0.03626910000439167 0.0009581670671498776
0.0001128456849651399 8.17858381656958e-05 0.0001474552768154201 7.647222940287657e-05 -0.000175225231878504 8.655534719334155e-05
-1.468169349463116e-06 -6.272409936664862e-07 1.593748261055204e-05 -1.416045338344841e-06 -1.761538698940386e-05 -7.059417700828457e-07
-6.238548104105943e-08 -3.626337252529227e-08 -3.546180337213803e-08 -5.007840269891796e-08 1.113620281233467e-07 -5.506593877390654e-08
1.979320848047605e-10 1.631977276121638e-10 -2.879836353834675e-09 2.005126464082574e-10 3.050477368255633e-09 1.167371475327949e-10
1.214764807084763e-11 5.427693404271258e-12 3.968454391248765e-12 8.951657193823138e-12 -2.295332579339041e-11 1.035847151168967e-11
-9.457067876432106e-15 -1.06654538100918e-14 1.762540710691357e-13 -1.282822068759087e-14 -1.760952460160531e-13 -4.908421159198657e-15
-7.297094722010191e-16 -2.681614108867064e-16 -1.751440447430901e-16 -4.8891573930296e-16 1.429508103630218e-15 -6.068594207817188e-16
0.008604652273579016 0.05630542863971 -0.2976875961360236 0.05432312741262697 0.02816017641012949 0.04881375251789028
0.003637449698847252 0.0001247903893093313 -0.04885872405126191 0.01324713396332322 0.0360685814500274 0.0003643374418457061
0.0001021994755012525 7.647002082042307e-05 0.0001625264889364073 7.221572361144622e-05 -0.0001668632804332464 7.480225114222195e-05
-1.466857819011393e-06 -7.172730832529154e-07 1.583216224389523e-05 -1.34565928346471e-06 -1.750957855177898e-05 -3.86770310350471e-07
-5.816000442453009e-08 -3.44533837560074e-08 -4.005983505349447e-08 -4.475392435098907e-08 9.896400058349916e-08 -4.850376169395044e-08
2.001153703944537e-10 1.628538636714957e-10 -2.859783208557529e-09 2.694911237605126e-10 3.031309809732162e-09 5.922221464308865e-11
1.155237178417676e-11 5.15093266822939e-12 4.518492773965644e-12 7.800587326542259e-12 -1.981206735845551e-11 8.956115910685413e-12
-9.724838661290641e-15 -1.008630519580298e-14 1.749240450949394e-13 -1.964078945766094e-14 -1.752037608749711e-13 -1.551886861496736e-15
-7.003917311016111e-16 -2.52990447775429e-16 -1.985017282407491e-16 -4.175247088130687e-16 1.213850646543902e-15 -5.108354579458854e-16
0.005829090281655066 0.04275059853031796 -0.2963008356265788 0.04497821910118751 0.03903516366166643 0.04687277076677913
0.003689760806529888 0.0003758339147562007 -0.04857582849846027 0.01125361323059371 0.03605751612148628 3.909366805211883e-05
9.902470923828692e-05 6.783738315910374e-05 0.0001615325309047814 5.530174679138441e-05 -0.0001644547878257582 6.878210676928962e-05
-1.475002537049845e-06 -7.130254477806748e-07 1.561112083454619e-05 -1.13521828390859e-06 -1.750294576016365e-05 -1.758066909188214e-07
-5.701818512117945e-08 -3.088537618494323e-08 -3.78663419467696e-08 -3.390008653680483e-08 9.16403363422492e-08 -4.543861602289783e-08
2.008566032329176e-10 1.453702608593206e-10 -2.807897340071965e-09 2.569275946908651e-10 3.027572577750886e-09 1.85992207882893e-11
1.141672489071508e-11 4.573611143873071e-12 3.983555622225357e-12 5.835557143223661e-12 -1.776320607766326e-11 8.287054506662562e-12
-9.784413448108533e-15 -8.406297681813596e-15 1.713830547338058e-13 -1.956130345444881e-14 -1.75035685122397e-13 8.72424604242083e-16
-6.946222012988504e-16 -2.209562402760132e-16 -1.634720743203094e-16 -3.083568393734698e-16 1.067490651750104e-15 -4.631543158923835e-16
0.006161992618891664 0.03085738773065748 -0.2918531648712069 0.03551395174537313 0.04714793396363666 0.04427430735299439
0.003722574936158357 0.0004805212954044682 -0.04831616858780388 0.009237056283481442 0.03622589867897249 -0.0001634979551715835
9.628293873471554e-05 5.53649231047615e-05 0.0001537769999953802 4.348468423782216e-05 -0.0001593393226726803 6.110868459072479e-05
-1.484818073123437e-06 -6.517781269169161e-07 1.540538804653426e-05 -9.07847221685172e-07 -1.763006217889277e-05 -1.886657734074683e-08
-5.616734432255451e-08 -2.552847553885431e-08 -3.265430805765891e-08 -2.496768800312054e-08 8.391005241280315e-08 -4.126067636697857e-08
2.021190744119313e-10 1.2142990098772e-10 -2.758425637934312e-09 2.233709245131753e-10 3.052212940745577e-09 -1.277805621737233e-11
1.132440679317889e-11 3.73212427904373e-12 2.945045681303159e-12 4.135323453610079e-12 -1.573019073032826e-11 7.455727530463897e-12
-9.877192382069651e-15 -6.489307628087999e-15 1.679700982483887e-13 -1.748117444426299e-14 -1.766555704102655e-13 2.75411395629923e-15
-6.909919853226246e-16 -1.762893115941187e-16 -1.006957141868842e-16 -2.141552115872079e-16 9.251541994705099e-16 -4.091149764886234e-16
0.007288457526774809 0.02064177014152312 -0.2856762280128152 0.02593889804455993 0.04886162584823385 0.03947319209320024
0.003746910858506461 0.0004460657003522613 -0.04822566446953859 0.007086379886338786 0.03660339311569129 -0.0002511919257394922
9.322434671436127e-05 4.179908493989405e-05 0.000144535645573503 3.516487109402062e-05 -0.0001518878997123957 5.007847313033234e-05
-1.494626578478355e-06 -5.341380130942592e-07 1.533284395789377e-05 -6.728448312137386e-07 -1.791725924928934e-05 7.677813989389249e-08
-5.526988296413953e-08 -1.964462076900946e-08 -2.742888320772816e-08 -1.73463134608322e-08 7.753448247421747e-08 -3.458012398062313e-08
2.03881485971922e-10 9.300580673433818e-11 -2.736761262128536e-09 1.774992386368746e-10 3.111310820638204e-09 -3.177896121337655e-11
1.122182164865344e-11 2.855438712981674e-12 1.960088709984023e-12 2.574599640671435e-12 -1.419013540939165e-11 6.217730285508073e-12
-1.001493779499458e-14 -4.578590725537153e-15 1.662927486272663e-13 -1.409949117038106e-14 -1.804319781348743e-13 3.834740873122735e-15
-6.866132298212581e-16 -1.331353627122718e-16 -4.268581636715538e-17 -1.254256061348498e-16 8.200574114936032e-16 -3.361945588230868e-16
0.006446398865985725 0.01224388821290812 -0.2796444940933113 0.01648279635411155 0.04366769511027084 0.031497120182129
0.003703567912403942 0.0003200320261286311 -0.04836277430740495 0.004731544269876928 0.03701375099338139 -0.0002719955463905916
9.12361045423146e-05 2.720207547907004e-05 0.0001397154775393197 2.678972547125712e-05 -0.0001445160510328105 3.56038430267186e-05
-1.480511149606215e-06 -3.764124642323651e-07 1.543322163742136e-05 -3.714177489378309e-07 -1.82293048549863e-05 1.291367436720996e-07
-5.435271237064513e-08 -1.324281231341167e-08 -2.531443967866075e-08 -9.874214889992471e-09 7.417747831296808e-08 -2.515947620488796e-08
2.00490074359584e-10 6.360104045148128e-11 -2.750867395490105e-09 1.034916211075924e-10 3.174884624739266e-09 -3.993184435901037e-11
1.109017936652155e-11 1.976844327419168e-12 1.590218134340307e-12 1.00759186767946e-12 -1.347444005308349e-11 4.536011102174528e-12
-9.796903717099469e-15 -2.971236478078614e-15 1.668287245771052e-13 -8.199849460607623e-15 -1.843718924739519e-13 4.120658085965383e-15
-6.801860696427355e-16 -9.557803230142586e-17 -2.155022887034101e-17 -3.346867682484094e-17 7.720481307812581e-16 -2.430616139533687e-16
0.009119553225522209 0.004995850954683811 -0.2760071730413073 0.006699300229957419 0.03593140070958921 0.02052984855875876
0.003650543179819965 0.0001827479123096553 -0.04866017760850912 0.002203879890319792 0.03723649381780397 -0.000251168148096382
8.74680541327364e-05 1.245369693840545e-05 0.0001432184269488825 1.822802676279048e-05 -0.0001400858945132347 1.922421997839266e-05
-1.450570447840586e-06 -2.205690256475915e-07 1.564969862432553e-05 -1.369875720963972e-08 -1.840908046125608e-05 1.467686248617399e-07
-5.303907443215784e-08 -6.677273147056916e-09 -2.808162446284298e-08 -2.713576775245137e-09 7.406288126456805e-08 -1.405858217168227e-08
1.947266418699772e-10 4.055474531491946e-11 -2.788673013150263e-09 9.711085724478111e-12 3.210198333981209e-09 -3.800021061979979e-11
1.090533166044116e-11 1.129118714870868e-12 2.137122431847453e-12 -5.473444157763345e-13 -1.351604056778028e-11 2.596077244124047e-12
-9.450673500146077e-15 -2.12803794118798e-15 1.687889624829854e-13 -8.286449529079802e-16 -1.863907398008695e-13 3.615594954725241e-15
-6.710986622656049e-16 -6.34879738597567e-17 -5.402419227371927e-17 6.490399666899455e-17 7.733794294007081e-16 -1.395094406078715e-16
0.012863064011182 0 -0.2754224886652127 0 0.03034332448362783 0
0.003740888750972581 0 -0.04887977436828127 0 0.03716435480821419 0
8.744888950157345e-05 0 0.0001505353394127994 0 -0.0001400701326664665 0
-1.478493171740849e-06 0 1.582177883098044e-05 0 -1.838453179809063e-05 0
-5.312331377304607e-08 0 -3.283355493530585e-08 0 7.643349390974045e-08 0
1.983529439070408e-10 0 -2.820344653752603e-09 0 3.203525635012453e-09 0
1.091420880840485e-11 0 3.059784758857964e-12 0 -1.407567247945172e-11 0
-9.618018441784165e-15 0 1.704954066165509e-13 0 -1.857182585572659e-13 0
-6.713410546293652e-16 0 -1.090611733132754e-16 0 8.078278933292644e-16 0
0.009119553225522209 -0.004995850954683811 -0.2760071730413073 -0.006699300229957419 0.03593140070958921 -0.02052984855875876
0.003650543179819965 -0.0001827479123096553 -0.04866017760850912 -0.002203879890319792 0.03723649381780397 0.000251168148096382
8.74680541327364e-05 -1.245369693840545e-05 0.0001432184269488825 -1.822802676279048e-05 -0.0001400858945132347 -1.922421997839266e-05
-1.450570447840586e-06 2.205690256475915e-07 1.564969862432553e-05 1.369875720963972e-08 -1.840908046125608e-05 -1.467686248617399e-07
-5.303907443215784e-08 6.677273147056916e-09 -2.808162446284298e-08 2.713576775245137e-09 7.406288126456805e-08 1.405858217168227e-08
1.947266418699772e-10 -4.055474531491946e-11 -2.788673013150263e-09 -9.711085724478111e-12 3.210198333981209e-09 3.800021061979979e-11
1.090533166044116e-11 -1.129118714870868e-12 2.137122431847453e-12 5.473444157763345e-13 -1.351604056778028e-11 -2.596077244124047e-12
-9.450673500146077e-15 2.12803794118798e-15 1.687889624829854e-13 8.286449529079802e-16 -1.863907398008695e-13 -3.615594954725241e-15
-6.710986622656049e-16 6.34879738597567e-17 -5.402419227371927e-17 -6.490399666899455e-17 7.733794294007081e-16 1.395094406078715e-16
0.006446398865985725 -0.01224388821290812 -0.2796444940933113 -0.01648279635411155 0.04366769511027084 -0.031497120182129
0.003703567912403942 -0.0003200320261286311 -0.04836277430740495 -0.004731544269876928 0.03701375099338139 0.0002719955463905916
9.12361045423146e-05 -2.720207547907004e-05 0.0001397154775393197 -2.678972547125712e-05 -0.0001445160510328105 -3.56038430267186e-05
-1.480511149606215e-06 3.764124642323651e-07 1.543322163742136e-05 3.714177489378309e-07 -1.82293048549863e-05 -1.291367436720996e-07
-5.435271237064513e-08 1.324281231341167e-08 -2.531443967866075e-08 9.874214889992471e-09 7.417747831296808e-08 2.515947620488796e-08
2.00490074359584e-10 -6.360104045148128e-11 -2.750867395490105e-09 -1.034916211075924e-10 3.174884624739266e-09 3.993184435901037e-11
1.109017936652155e-11 -1.976844327419168e-12 1.590218134340307e-12 -1.00759186767946e-12 -1.347444005308349e-11 -4.536011102174528e-12
-9.796903717099469e-15 2.971236478078614e-15 1.668287245771052e-13 8.199849460607623e-15 -1.843718924739519e-13 -4.120658085965383e-15
-6.801860696427355e-16 9.557803230142586e-17 -2.155022887034101e-17 3.346867682484094e-17 7.720481307812581e-16 2.430616139533687e-16
0.007288457526774809 -0.02064177014152312 -0.2856762280128152 -0.02593889804455993 0.04886162584823385 -0.03947319209320024
0.003746910858506461 -0.0004460657003522613 -0.04822566446953859 -0.007086379886338786 0.03660339311569129 0.0002511919257394922
9.322434671436127e-05 -4.179908493989405e-05 0.000144535645573503 -3.516487109402062e-05 -0.0001518878997123957 -5.007847313033234e-05
-1.494626578478355e-06 5.341380130942592e-07 1.533284395789377e-05 6.728448312137386e-07 -1.791725924928934e-05 -7.677813989389249e-08
-5.526988296413953e-08 1.964462076900946e-08 -2.742888320772816e-08 1.73463134608322e-08 7.753448247421747e-08 3.458012398062313e-08
2.03881485971922e-10 -9.300580673433818e-11 -2.736761262128536e-09 -1.774992386368746e-10 3.111310820638204e-09 3.177896121337655e-11
1.122182164865344e-11 -2.855438712981674e-12 1.960088709984023e-12 -2.574599640671435e-12 -1.419013540939165e-11 -6.217730285508073e-12
-1.001493779499458e-14 4.578590725537153e-15 1.662927486272663e-13 1.409949117038106e-14 -1.804319781348743e-13 -3.834740873122735e-15
-6.866132298212581e-16 1.331353627122718e-16 -4.268581636715538e-17 1.254256061348498e-16 8.200574114936032e-16 3.361945588230868e-16
0.006161992618891664 -0.03085738773065748 -0.2918531648712069 -0.03551395174537313 0.04714793396363666 -0.04427430735299439
0.003722574936158357 -0.0004805212954044682 -0.04831616858780388 -0.009237056283481442 0.03622589867897249 0.0001634979551715835
9.628293873471554e-05 -5.53649231047615e-05 0.0001537769999953802 -4.348468423782216e-05 -0.0001593393226726803 -6.110868459072479e-05
-1.484818073123437e-06 6.517781269169161e-07 1.540538804653426e-05 9.07847221685172e-07 -1.763006217889277e-05 1.886657734074683e-08
-5.616734432255451e-08 2.552847553885431e-08 -3.265430805765891e-08 2.496768800312054e-08 8.391005241280315e-08 4.126067636697857e-08
2.021190744119313e-10 -1.2142990098772e-10 -2.758425637934312e-09 -2.233709245131753e-10 3.052212940745577e-09 1.277805621737233e-11
1.132440679317889e-11 -3.73212427904373e-12 2.945045681303159e-12 -4.135323453610079e-12 -1.573019073032826e-11 -7.455727530463897e-12
-9.877192382069651e-15 6.489307628087999e-15 1.679700982483887e-13 1.748117444426299e-14 -1.766555704102655e-13 -2.75411395629923e-15
-6.909919853226246e-16 1.762893115941187e-16 -1.006957141868842e-16 2.141552115872079e-16 9.251541994705099e-16 4.091149764886234e-16
0.005829090281655066 -0.04275059853031796 -0.2963008356265788 -0.04497821910118751 0.03903516366166643 -0.04687277076677913
0.003689760806529888 -0.0003758339147562007 -0.04857582849846027 -0.01125361323059371 0.03605751612148628 -3.909366805211883e-05
9.902470923828692e-05 -6.783738315910374e-05 0.0001615325309047814 -5.530174679138441e-05 -0.0001644547878257582 -6.878210676928962e-05
-1.475002537049845e-06 7.130254477806748e-07 1.561112083454619e-05 1.13521828390859e-06 -1.750294576016365e-05 1.758066909188214e-07
-5.701818512117945e-08 3.088537618494323e-08 -3.78663419467696e-08 3.390008653680483e-08 9.16403363422492e-08 4.543861602289783e-08
2.008566032329176e-10 -1.453702608593206e-10 -2.807897340071965e-09 -2.569275946908651e-10 3.027572577750886e-09 -1.85992207882893e-11
1.141672489071508e-11 -4.573611143873071e-12 3.983555622225357e-12 -5.835557143223661e-12 -1.776320607766326e-11 -8.287054506662562e-12
-9.784413448108533e-15 8.406297681813596e-15 1.713830547338058e-13 1.956130345444881e-14 -1.75035685122397e-13 -8.72424604242083e-16
-6.946222012988504e-16 2.209562402760132e-16 -1.634720743203094e-16 3.083568393734698e-16 1.067490651750104e-15 4.631543158923835e-16
0.008604652273579016 -0.05630542863971 -0.2976875961360236 -0.05432312741262697 0.02816017641012949 -0.04881375251789028
0.003637449698847252 -0.0001247903893093313 -0.04885872405126191 -0.01324713396332322 0.0360685814500274 -0.0003643374418457061
0.0001021994755012525 -7.647002082042307e-05 0.0001625264889364073 -7.221572361144622e-05 -0.0001668632804332464 -7.480225114222195e-05
-1.466857819011393e-06 7.172730832529154e-07 1.583216224389523e-05 1.34565928346471e-06 -1.750957855177898e-05 3.86770310350471e-07
-5.816000442453009e-08 3.44533837560074e-08 -4.005983505349447e-08 4.475392435098907e-08 9.896400058349916e-08 4.850376169395044e-08
2.001153703944537e-10 -1.628538636714957e-10 -2.859783208557529e-09 -2.694911237605126e-10 3.031309809732162e-09 -5.922221464308865e-11
1.155237178417676e-11 -5.15093266822939e-12 4.518492773965644e-12 -7.800587326542259e-12 -1.981206735845551e-11 -8.956115910685413e-12
-9.724838661290641e-15 1.008630519580298e-14 1.749240450949394e-13 1.964078945766094e-14 -1.752037608749711e-13 1.551886861496736e-15
-7.003917311016111e-16 2.52990447775429e-16 -1.985017282407491e-16 4.175247088130687e-16 1.213850646543902e-15 5.108354579458854e-16
0.0131073358685909 -0.07911105749751986 -0.2933647193277067 -0.07280181451448059 0.01593821699463971 -0.05304930590668328
0.003674628729789489 0.0003609114429737552 -0.04908833156144764 -0.016018049653797 0.03626910000439167 -0.0009581670671498776
0.0001128456849651399 -8.17858381656958e-05 0.0001474552768154201 -7.647222940287657e-05 -0.000175225231878504 -8.655534719334155e-05
-1.468169349463116e-06 6.272409936664862e-07 1.593748261055204e-05 1.416045338344841e-06 -1.761538698940386e-05 7.059417700828457e-07
-6.238548104105943e-08 3.626337252529227e-08 -3.546180337213803e-08 5.007840269891796e-08 1.113620281233467e-07 5.506593877390654e-08
1.979320848047605e-10 -1.631977276121638e-10 -2.879836353834675e-09 -2.005126464082574e-10 3.050477368255633e-09 -1.167371475327949e-10
1.214764807084763e-11 -5.427693404271258e-12 3.968454391248765e-12 -8.951657193823138e-12 -2.295332579339041e-11 -1.035847151168967e-11
-9.457067876432106e-15 1.06654538100918e-14 1.762540710691357e-13 1.282822068759087e-14 -1.760952460160531e-13 4.908421159198657e-15
-7.297094722010191e-16 2.681614108867064e-16 -1.751440447430901e-16 4.8891573930296e-16 1.429508103630218e-15 6.068594207817188e-16
0.01082995916495373 -0.1044144928784589 -0.2945105302328998 -0.08749755282246069 0.01940082988170008 -0.05970209637193431
0.003693474024222357 0.0008046182636101688 -0.0486790321029487 -0.01849772452227045 0.03586304262884045 -0.0012974090900414
0.0001265395891056885 -7.92430986703921e-05 0.0001331146898412691 -6.099026719340035e-05 -0.0002053976256037717 -0.0001045376609428213
-1.458819556190765e-06 4.696497310495506e-07 1.549717019338159e-05 1.310665496734767e-06 -1.721974945043339e-05 7.797708628827423e-07
-6.723654966705251e-08 3.371104362036565e-08 -3.03735139040024e-08 4.365899361859327e-08 1.295783866255712e-07 6.568515837130483e-08
1.94687847139118e-10 -1.312862253845873e-10 -2.773876489965958e-09 -7.234197516680861e-11 2.95464949082894e-09 -1.232014690225323e-10
1.279675528920872e-11 -4.816721112987857e-12 3.279810556633393e-12 -8.06589859058342e-12 -2.648852849503049e-11 -1.245812354609672e-11
-9.161520377836924e-15 8.402192266419705e-15 1.692370096987434e-13 1.455906095698388e-15 -1.694162768281098e-13 5.204435884845167e-15
-7.606273405055078e-16 2.260415203542147e-16 -1.426455567507924e-16 4.499386082961265e-16 1.644025330006842e-15 7.392336274336113e-16
0.01332297619865166 -0.129091412320196 -0.3010933112793405 -0.09592672342276359 0.03271161720843496 -0.06605460046670085
0.003722007562758948 0.001037316679783814 -0.04755356654416546 -0.02086804300142713 0.03516095305956587 -0.001086504133931671
0.0001358900489755165 -7.915984138935865e-05 0.0001238687048789871 -4.539623460034247e-05 -0.0002274514892968871 -0.0001256906501444835
-1.460679686710782e-06 4.081439340271763e-07 1.461904051766262e-05 1.218978750333048e-06 -1.655393928970812e-05 4.677324609485107e-07
-7.028451486170751e-08 3.23547624185189e-08 -2.676970217003699e-08 3.670875475249365e-08 1.353773392608393e-07 7.724698889648255e-08
1.939355308467356e-10 -1.092057420899527e-10 -2.582572140365628e-09 5.990465564561191e-11 2.796128384146762e-09 -5.635604614613886e-11
1.315417981330498e-11 -4.367120007775098e-12 2.742555541724018e-12 -7.091998716217721e-12 -2.706476160064224e-11 -1.449809803622325e-11
-9.027858734651822e-15 6.337950784357735e-15 1.571088727694077e-13 -1.034872794838364e-14 -1.586730741963687e-13 1.293380942233995e-15
-7.756747356766868e-16 1.905687267684933e-16 -1.145543315183429e-16 4.071846379233639e-16 1.664764536303019e-15 8.558462151755944e-16
0.01449442152076907 -0.1600706354642266 -0.3092708407033555 -0.1091514323154806 0.05616429230041664 -0.0716879469741746
0.003602981722430049 0.001052202503681599 -0.04575733281122867 -0.02358256687658923 0.03509556320400414 -0.0003090892403611374
0.0001474103629662117 -8.445104828835499e-05 0.0001149272654852828 -4.069769930689102e-05 -0.0002319231170243963 -0.0001470702244149108
-1.372249102567576e-06 5.849129826173782e-07 1.345674335119331e-05 1.058502329890471e-06 -1.650769621864542e-05 -1.342049155711464e-07
-7.294910445585045e-08 3.289787143840485e-08 -2.554251246539113e-08 3.824186107470725e-08 1.188946548736666e-07 8.567703111526583e-08
1.768025872828445e-10 -1.394050137870291e-10 -2.349386253990289e-09 2.247739765230565e-10 2.788597051990309e-09 5.571752242899733e-11
1.334428807684745e-11 -4.171806859788706e-12 2.840779352970986e-12 -7.875958314741738e-12 -2.244458146501363e-11 -1.541627046337533e-11
-7.949223574714155e-15 7.654573442346154e-15 1.430959781548837e-13 -2.433963142056486e-14 -1.585293467060208e-13 -4.784283263305453e-15
-7.788886701959236e-16 1.6849402257139e-16 -1.291932680807947e-16 4.760136489700393e-16 1.344926921243189e-15 8.817504216836625e-16
0.01719115394020732 -0.1997068685252024 -0.3132991884012984 -0.1477893172427896 0.0825305988121036 -0.07795881796578588
0.003394231436544864 0.001250801615113249 -0.04398229118337832 -0.02425408367485907 0.03494129992431155 1.973976402973597e-05
0.0001560283146952241 -7.609363707586823e-05 9.508605936463829e-05 -2.009607375451759e-05 -0.0002459376975484267 -0.0001595759050672776
-1.213717519886155e-06 8.43226389470284e-07 1.232275559428548e-05 7.540989208398167e-08 -1.70296476419878e-05 -2.006622651826001e-07
-7.289035752567052e-08 2.591793769005998e-08 -2.361289215043874e-08 3.615127370605513e-08 1.067033189885415e-07 8.432808983969485e-08
1.466963363069307e-10 -2.099627923285295e-10 -2.112027596464732e-09 4.865017024059012e-10 2.985408708932521e-09 5.589922944710714e-11
1.296277804624231e-11 -2.739209851723476e-12 3.288353519423954e-12 -8.631490999482887e-12 -1.835582057288058e-11 -1.404817484581486e-11
-6.147983607788592e-15 1.241042357973209e-14 1.281735567109783e-13 -4.137879159962778e-14 -1.745324179401595e-13 -4.150022620490342e-15
-7.469808928267387e-16 8.589640988023813e-17 -1.771805427666825e-16 5.755738391875241e-16 1.037398878006926e-15 7.555423664836864e-16
0.02633643582951461 -0.2835032511359502 -0.3229489174465719 -0.1752947258813983 0.1246583703812786 -0.1103136038698978
0.002931367169186767 0.001116314616444705 -0.03864428248583067 -0.01999405496039633 0.02793990400878864 0.001131777106473807
0.0001566402579983736 9.0702552762348e-06 8.456193088337324e-05 8.599706665190398e-05 -0.0001893027071620571 -0.0001476030226302135
-8.845211177989423e-07 1.496315948787395e-06 8.875300454633214e-06 -2.045345233547334e-06 -1.091403117965587e-05 -6.398769170367659e-07
-6.347861956926517e-08 -1.222239813232925e-08 -3.616137965757074e-08 -4.278492703266004e-08 8.09724658634614e-08 6.961832290587786e-08
9.236262074496203e-11 -3.809164432433288e-10 -1.347127954416145e-09 8.495334464776755e-10 1.711649776777256e-09 1.145451628359931e-10
1.053135648278327e-11 2.827389130686813e-12 6.813041104770743e-12 7.376680332450503e-12 -1.600968647903558e-11 -1.111027051889011e-11
-3.394452689966328e-15 2.477057262482102e-14 7.71173357178415e-14 -6.212164331091514e-14 -9.579682741170823e-14 -6.494027891021417e-15
-5.871469520341765e-16 -1.678666313655366e-16 -4.095822049082664e-16 -3.943220559322879e-16 1.012954930426773e-15 5.893745619330352e-16
0.04392626339504356 -0.3524598760982107 -0.3415122002100505 -0.125108773360973 0.1185048261459932 -0.103844951179616
0.002179934330653029 0.0007220644267754333 -0.02960637176210821 -0.01139392597253063 0.0216019247348572 0.001156345019495691
0.0001391486307129215 4.148329756202605e-05 0.0001985552932188096 -1.324005949730026e-05 -0.0001251697493540916 -4.717776277606264e-05
-5.305838684405967e-07 9.621974037964088e-07 3.969177337783243e-06 -4.741132635215938e-06 -5.838874524245931e-06 -3.013286249085414e-07
-4.9397553729059e-08 -1.523659947774612e-08 -1.155712082227602e-07 3.932525871595617e-08 5.273562620152365e-08 5.85788481726625e-09
6.245291074115948e-11 -2.135482922509532e-10 -3.211525305776477e-10 1.136781632141954e-09 6.340014105012617e-10 4.385246700432462e-11
7.610574833989406e-12 2.004862563898498e-12 2.216987827481335e-11 -1.087779170206159e-11 -1.20419274250302e-11 4.961019990563984e-13
-3.359268377948346e-15 1.266835300474458e-14 1.051063027027724e-14 -7.174768347554377e-14 -2.647305243236369e-14 -3.183058568737578e-15
-4.076098248714485e-16 -7.485148158726245e-17 -1.309994434985291e-15 7.665384897179449e-16 8.327476579431461e-16 -6.538045650069576e-17
0.05566311834940867 -0.4032897273982964 -0.3272524408582764 -0.08221833703518003 0.1336877923733446 -0.05973977466464801
0.001616519326687332 0.001164171176987218 -0.01965934603729121 -0.00585033293219305 0.01365302350541069 0.001937595056098832
0.0001158363812090672 3.958969921216986e-05 0.0002010537544421925 -3.663806777839073e-05 -0.0001450652373175076 -5.020773021272685e-06
-3.793980520913172e-07 -2.279734268195847e-07 3.453672160400043e-07 -3.62671281452856e-06 -1.799678086545535e-06 -1.375563981166992e-06
-3.888958305516463e-08 -5.607868676889215e-09 -8.983508420270266e-08 1.781586712584116e-08 2.966681200695536e-08 -9.451893054783658e-10
4.920264730188701e-11 6.139393661383789e-11 2.266166719350491e-10 7.547033198363398e-10 1.107155256793187e-10 2.758313320639802e-10
5.838820805539177e-12 -1.077422274325602e-13 1.521366117193112e-11 -3.726806613141707e-12 -5.317739779641248e-12 5.740987952061984e-13
-3.038587816783427e-15 -4.505515483882582e-15 -1.862541229806083e-14 -4.656747985534375e-14 -6.036208189118544e-15 -1.795694114709665e-14
-3.092283026783145e-16 4.209607294980662e-17 -8.405768629375329e-16 2.32208444420256e-16 3.592629776053045e-16 -3.496186987701721e-17
0.06877299776843539 -0.412472550559203 -0.2367040218014084 -0.2379192469972887 0.2177624324154348 -0.07465958213536053
0.001278931590528721 0.001241033696405786 -0.009606175400356923 -0.004327911901781955 0.005816800461531864 0.00204371056533698
5.9847566675793e-05 -8.030375950882001e-06 -4.394897198328088e-06 0.0001428244202359075 -0.0001234891418159929 8.277418840096578e-05
-4.771367709715895e-07 -1.782966915398996e-07 -6.758964479017493e-07 -1.280334606488691e-06 -7.751282625942095e-07 -8.246201750205402e-07
-1.658563828090412e-08 1.206853031358807e-08 1.136681491507963e-08 -5.649550194228783e-08 5.155215768560796e-09 -3.376063984382823e-08
7.544809604817127e-11 3.580506232146287e-11 1.651461254319344e-10 2.588237285049345e-10 1.428802310998103e-10 1.08311543599833e-10
2.36152435959328e-12 -2.607851280587939e-12 -2.17109278465909e-12 8.947446227438778e-12 -5.085880167477318e-13 5.898097062569798e-12
-4.016518725684273e-15 -2.26336562420575e-15 -7.161434734539147e-15 -1.381254936975383e-14 -1.330162823966534e-14 -4.583164368992885e-15
-1.23446365952532e-16 1.636030461874654e-16 1.118176824913444e-16 -4.927013424636665e-16 1.083284797512862e-16 -3.472222512424236e-16
0.08118144228859966 -0.4013008395338508 -0.1704597207166516 -0.3323258358763283 0.1362000466190086 -0.04529956766491223
0.0003852638012287359 0.0007266939928860806 -0.002704238487522389 -0.001812172388635229 0.001431542812720107 0.001027863908308649
1.86382620154225e-05 -2.320962949329404e-06 -1.562506653259837e-05 8.176762218994138e-05 -7.682373639811033e-05 4.545418661671692e-05
-2.085861934666634e-07 -1.443305884757037e-07 -3.888924104976731e-07 -5.160532392576421e-07 -3.618023661483737e-07 -2.338362604735123e-07
-4.492536244821321e-09 3.874705109161135e-09 9.755075110297243e-09 -2.767916595382965e-08 1.144724304780959e-08 -1.392174411263373e-08
3.467867875145114e-11 3.026863781016292e-11 1.369599436615674e-11 4.683606136896881e-11 1.472344342881133e-10 4.088613251747252e-11
6.450977737486846e-13 -8.73351283092804e-13 -1.60038725795919e-12 4.190610016214329e-12 -1.767348788350808e-12 2.635533501507503e-12
-1.538771833944113e-15 -1.890763872597415e-15 2.72224824929646e-15 1.912530322232432e-15 -1.427551876627831e-14 -2.74335220217068e-15
-3.285165324996235e-17 5.944847422008235e-17 7.229056756478316e-17 -2.34799841352848e-16 1.328981495479046e-16 -1.774343214996356e-16
0.08279216693345881 -0.3711273725336715 -0.09106508181056262 -0.4572859068622902 0.00228076111158922 0.01671657784183731
-0.0003438811088063787 0.0001639313091342147 -0.0006183714769062154 -0.001780867433264884 0.001190995286882421 0.0008118933654604305
4.861291793752738e-06 -4.462915594970411e-06 -8.657128408533813e-06 2.314999992953644e-05 -6.502171730626671e-06 1.09828922602384e-05
1.718187904282187e-07 3.492838337521232e-08 1.323738614603892e-07 4.422740910009141e-07 -2.469672403721913e-07 -2.447393151893416e-07
-7.65059153015958e-10 1.197721189092193e-09 2.438576928452646e-09 -5.976421258445527e-09 2.357223455923603e-10 -7.432597953268129e-09
-3.934860509864527e-11 -2.35233836924734e-11 1.338258769311253e-11 -5.895811044277151e-11 7.712720247995793e-12 2.223330936104155e-11
-1.372724816876816e-13 -1.5019791323737e-13 1.629804389143896e-13 4.735228756927822e-13 2.436112722666358e-13 1.523170988908051e-12
3.06730191714417e-15 2.497719339642724e-15 -4.048665050306059e-15 2.652991549367402e-15 9.133418082704442e-16 -2.078305720087293e-16
2.464571070641072e-17 9.798659049578435e-18 -5.165867257213381e-17 1.073937095926361e-17 -3.36000962551485e-17 -9.364054486307362e-17
0.07585654732911602 -0.3413423347197911 -0.0389953204536282 -0.4927805501516523 -0.05408125586212081 0.1283468848264444
-0.0004029001328107862 0.0003993003875158768 -0.003163366944789525 -0.003160325304221725 -9.359937478196041e-05 0.001023402282568273
1.420172262616012e-05 -2.134621522429725e-05 -2.050109775835584e-05 3.844831904662661e-05 -4.045002858842557e-05 -2.71279027120403e-06
1.213848079797206e-07 -1.555714071492955e-08 -2.549662489095195e-07 -1.021944867639147e-06 2.74594814231986e-07 2.55968255078172e-09
-3.391036863159461e-09 8.169992519639034e-09 -5.290119264754598e-09 1.080483539358212e-08 1.609220637542464e-08 1.048202834599747e-09
-1.620651898996418e-11 3.478339306544942e-12 3.980527692716232e-11 3.054142009944614e-10 -1.357275644648314e-12 -3.598801537237277e-11
6.023941325567394e-13 -1.343988313227197e-12 1.39797111637503e-12 -3.223407374333103e-12 -2.507208458199961e-12 1.608151958359835e-13
9.483078105007486e-16 2.308513346987387e-16 -1.507304598614953e-15 -2.11323068621071e-14 -1.915838042461446e-15 2.775414643278779e-15
-3.540856364189771e-17 7.413562616541232e-17 -7.159288926581082e-17 2.274680345946074e-16 1.131968248670899e-16 -4.380974325914998e-17
0.07704470061318269 -0.322676744548119 -0.03720866030987427 -0.3729131123870209 -0.1036545175323415 0.2571681036604768
-0.0004106067201194817 8.927286700318831e-05 -0.009631710480354407 -0.006546623497357152 -0.003898351206226303 0.00106835327218888
1.84422561407382e-05 -3.922556486098471e-06 -7.507316386390522e-05 0.0001638997708197595 -0.0001257607559029279 2.17605396414007e-05
-1.459756011478308e-07 4.459472490174779e-07 1.092202112892047e-06 -2.252403201596185e-06 2.201941474446803e-06 1.063668429308782e-06
-2.725194253740997e-09 -2.098076937277602e-09 1.133210338312861e-08 -4.142956548243028e-08 6.14637375117697e-08 9.462121699432109e-10
5.545075978990359e-11 -6.386343416475363e-11 -2.254583016164342e-10 6.728562537794006e-10 -3.144945630610064e-10 -3.342800137178612e-10
7.396202988102754e-13 1.702002292242583e-13 -4.346770066220386e-13 4.311771965235109e-12 -1.125621855701447e-11 -2.226235506229309e-12
-3.921366836208363e-15 2.761252035675289e-15 1.471713436724926e-14 -4.739028767064309e-14 1.745951461374978e-14 2.326641307846772e-14
-6.113565465596867e-17 7.060820075630719e-18 1.193843984940452e-17 -1.518568563992789e-16 6.332492722218815e-16 1.79208369618303e-16
0.07971450051635771 -0.3072154292334937 -0.0668822398383942 -0.2399326459920275 -0.08122292025793029 0.3296303883690208
-0.001184911683877292 0.0004213202430169694 -0.01546358656176766 -0.008555212499734845 -0.007315293232855184 0.001632045714667356
4.134316758077675e-05 1.57172940426092e-05 -0.0001159530691389701 0.000229070105890072 -0.0001873001324821778 0.0001157352430193299
1.302422795324013e-07 3.785847007222239e-07 2.119802168999647e-06 -3.89690396102779e-06 4.518707989854978e-06 7.831176601285563e-07
-8.603977196804722e-09 -1.726327248394054e-08 1.996282785142823e-08 -1.109091252267745e-07 1.012479877067945e-07 -5.346535112667831e-08
1.71367873479926e-11 -3.587146806904776e-11 -3.185447543570667e-10 1.033343389195694e-09 -9.075710148874645e-10 -2.555981143118084e-10
1.220324087639783e-12 3.317269308573898e-12 -3.069336209200543e-13 1.88672577506166e-11 -1.827561399966714e-11 5.762687576132963e-12
-1.99270731175673e-15 -1.643757766624278e-16 1.554392922096897e-14 -6.984492507244452e-14 6.31405688018688e-14 1.712059869436114e-14
-7.087059246843319e-17 -1.811581074137133e-16 -4.364652134600818e-17 -1.04219467634182e-15 9.999936883648742e-16 -1.86276931421001e-16
0.08489003892108395 -0.2624339477740354 -0.07737895712659121 -0.07830054650001159 0.01818905419135006 0.3774796818063599
-0.001386003464002751 0.001091741648373531 -0.0199115975833406 -0.01545578534906126 -0.008328140179118126 0.002978418307820095
8.600162153495209e-05 8.16275285832858e-07 -0.0001349196604718176 7.617082563249965e-05 -0.0001507088100510841 9.984318891771512e-05
2.003931933197502e-07 1.252720059285216e-07 1.883648083726028e-06 1.548082178161436e-08 5.425434235515622e-06 1.375458867576921e-07
-2.749863471431047e-08 -1.499309847913917e-08 3.078747810027321e-08 -5.849827279866057e-08 5.596554971363317e-08 -6.391661792425017e-08
2.351521984025575e-12 2.782655883846394e-11 -1.324851765781691e-10 1.437393204259869e-10 -1.219397977556304e-09 -1.254829412774222e-10
3.807117326241453e-12 3.641381425242522e-12 -2.359831699031664e-12 1.203279325160617e-11 -8.547826992151279e-12 8.819800124070131e-12
-9.680979184950266e-16 -5.102453607108672e-15 1.584341427690317e-15 -1.191237840792486e-14 8.767417110766624e-14 9.092595182809535e-15
-1.877095080695497e-16 -2.268831696920677e-16 7.113179457513875e-17 -7.368313151160396e-16 4.194598442057054e-16 -3.987690970707565e-16
0.08141134644605999 -0.2014707093902731 -0.0660088032229308 0.06076276835898238 0.02457448659558433 0.4034876738214178
-0.002470352177835683 0.0003444119122856309 -0.02292810294012408 -0.01716692343214467 -0.009271964069436428 0.005556715943606588
0.0001322521318110049 -2.929117571244256e-05 -0.0001740024461736203 -0.0001322428792888536 -0.0001066736107971683 -3.800158542198132e-05
8.617727523169396e-07 1.242043717393046e-06 2.114963172569464e-06 1.308258197714724e-06 5.164673280445668e-06 -1.273562431369798e-06
-4.690494555437425e-08 -2.923478741740046e-09 4.891138393074977e-08 3.227471263886412e-08 1.191334756588175e-08 -3.777398773602284e-09
-1.317455751541001e-10 -2.553098371323282e-10 -1.087868320658771e-10 -2.283199214087928e-10 -1.151413337163346e-09 8.119265275823758e-11
6.410547338382512e-12 1.510842860684184e-12 -4.911023748113609e-12 -2.439704317140375e-12 -5.807938953248178e-13 2.220210016106659e-14
7.410142902282435e-15 1.379899272932357e-14 -1.478503050297943e-15 1.429664299335355e-14 8.279030004333562e-14 2.209153948321014e-16
-3.013403400179882e-16 -9.611330617463141e-17 1.786648856057901e-16 3.25494170204351e-17 3.104274700158169e-17 1.930563198443805e-17
0.08871150525016519 -0.1587595896309088 -0.05396819551238731 0.03338537061131758 0.03779834835288252 0.3324344777928783
-0.002901652776260938 -0.0009563676318072171 -0.02198302595529643 -0.01498578593404023 -0.01177807821967293 0.005899477943438389
0.000162668006269881 -4.293210712410405e-05 -0.0002089449401939367 -0.000198750260642207 -0.0001363606272892162 -5.916495483600529e-05
1.058582111101945e-06 2.448245513567024e-06 8.648056700708384e-07 8.41661889392477e-07 6.390729458353333e-06 -1.504366935759391e-06
-6.311251067648139e-08 7.533495607167339e-09 7.364187280900389e-08 7.687169184003929e-08 3.543059910155213e-08 -1.609759364069702e-09
-1.694239640336512e-10 -5.507892046934389e-10 1.251573945012513e-10 -2.175129669743692e-10 -1.364287394322108e-09 9.663837571427678e-11
9.037148733954316e-12 -6.760645571676949e-13 -9.362906150317088e-12 -1.06269306437727e-11 -5.471924964904003e-12 9.321425062943636e-13
9.823322246370092e-15 3.36365431681904e-14 -1.524422625537419e-14 1.562652733442524e-14 9.452400356391685e-14 4.872571216436008e-16
-4.389456971986461e-16 4.139297961835476e-17 4.193693338489767e-16 4.948943873114936e-16 3.388616705559608e-16 -7.346543301965207e-17
0.08329607434731146 -0.1147800756611104 -0.0212850443934838 -0.03615844325981316 0.07762852445185779 0.2458364473747024
-0.00284447637764728 -0.002205800052310656 -0.02099302746669379 -0.01376214226878734 -0.01560039419992152 0.004824838808495562
0.0001965097595476731 -6.903778790348087e-05 -0.0002076831114405496 -0.0001540945071732167 -0.0001747311137220622 -2.499182361946044e-05
8.985972039580869e-07 2.31007366198577e-06 2.604047274988308e-07 2.108588242298114e-06 8.903398169670846e-06 -1.445258583207705e-06
-7.847660198873566e-08 3.481433747909584e-08 8.925858181362988e-08 7.733165739230615e-08 4.306299347070543e-08 -2.457195711394098e-08
-1.202019076031409e-10 -4.430335788484075e-10 1.628205265719379e-10 -5.066224914197418e-10 -1.865817881690619e-09 1.577543522205594e-10
1.150905218954592e-11 -6.274648281274883e-12 -1.401381470322176e-11 -1.227948785855728e-11 -4.455203127722078e-12 5.348724976334579e-12
6.151124687521683e-15 2.460369430744142e-14 -1.350316722058887e-14 3.332059670542755e-14 1.244878050366501e-13 -7.157343129249006e-15
-5.746796203594563e-16 3.698657987435074e-16 7.454151738037669e-16 6.229637208962561e-16 1.676581874745902e-16 -3.13276771563777e-16
0.06607022083585175 -0.05352178430987758 -0.0002250319729199951 0.001640962040047121 0.02133162767683408 0.1333484146651814
-0.003065095404873285 -0.001522928161764085 -0.02288190857729823 -0.009831729691878517 -0.02132809828888964 0.002758607741393397
0.0002315785874356874 -8.474516826998615e-05 -0.0001676203903953844 -0.0001534796306787778 -0.0001526318008351516 -4.888951362452507e-05
1.125081566772315e-06 9.617635755515444e-07 2.076414328743711e-06 2.777694320745477e-06 1.081652368693143e-05 -6.011045927759819e-07
-9.04254744259597e-08 5.020595455381719e-08 7.903011243077058e-08 7.81530554733173e-08 3.618669399548647e-08 3.424321512442162e-09
-1.675758613028054e-10 -1.442611110242359e-10 -2.832705731621029e-10 -6.892045835689825e-10 -2.103904634366999e-09 3.441700142557711e-11
1.308396731635615e-11 -9.138207952607821e-12 -1.321520921051301e-11 -1.201326222231173e-11 -2.667538243709467e-12 1.700377934502364e-14
8.985375224884591e-15 6.547659747465128e-15 1.709679531870332e-14 4.564573334551738e-14 1.348363908228415e-13 -1.528313754604885e-15
-6.490781464148555e-16 5.221282364652287e-16 7.262714778717156e-16 5.701434569967618e-16 1.869596799173045e-17 -7.758418729641857e-18
0.06351852976410664 -0.02117351603541048 -0.04209195985041748 0.01581595507132738 0.03566134963823772 0.06404287821622094
-0.002891623829196166 -0.000604806477312699 -0.02289368794577164 -0.005938147555756272 -0.02292011089268035 0.001296194615783207
0.0002377889081273101 -6.491873064142858e-05 -9.13736336936914e-05 -0.0001046459268034357 -0.000217163844457883 -3.64727642469495e-05
1.021975957378083e-06 3.092692738043215e-07 2.30528361456937e-06 2.568222724447146e-06 1.146557746432678e-05 -1.776073375156176e-07
-9.341262588684655e-08 3.900688284175034e-08 4.243982321904008e-08 4.895056508356277e-08 7.705609034320402e-08 8.964821174904327e-09
-1.474866028113029e-10 -3.797000914212116e-11 -3.428262524996554e-10 -6.809295312533532e-10 -2.189862208258209e-09 -4.355950460503053e-13
1.364857129546007e-11 -7.016298673441071e-12 -6.728243626859779e-12 -6.608546851421571e-12 -1.021902988401477e-11 -1.31388038067654e-12
7.749199495439149e-15 1.306996279062212e-15 2.093348218238909e-14 4.506303467562196e-14 1.387203452421406e-13 -9.818207966645191e-16
-6.836120530791563e-16 3.950945788383713e-16 3.508391356938889e-16 2.552024546191567e-16 4.475673252041872e-16 6.628334755964634e-17
0.07746895552221386 0.01247963142297633 -0.09380657879378314 0.01517478269174178 0.0996859180736783 0.002953529094178191
-0.002185421605846228 0.0002604211188346346 -0.02161555248727948 -0.001084212053237261 -0.02229201920095033 0.0001706286384007273
0.0002157010351977484 -3.998145046986817e-05 -1.770098027537657e-05 -4.814360822832621e-05 -0.0003300039996779501 -2.073092961144141e-05
5.95104245997825e-07 -1.813650422156082e-07 1.64278772921421e-06 1.880443838544818e-06 1.158503365949071e-05 5.131451222794611e-08
-8.534913067265944e-08 2.386506944751687e-08 5.503870073104131e-09 1.670141019716089e-08 1.375981863920579e-07 1.026181894499456e-08
-6.637015139154386e-11 3.636166907746111e-11 -2.132109107991165e-10 -5.672948420791446e-10 -2.228132115315393e-09 -1.59025439391055e-11
1.259351860139227e-11 -4.19782629661653e-12 -1.270613918326905e-13 -1.182966764563374e-12 -2.091850854564823e-11 -1.875453638826978e-12
2.907824143962201e-15 -2.314006725307062e-15 1.265111824131085e-14 3.726591465690336e-14 1.408597927310144e-13 -5.364738121411585e-16
-6.370628806690126e-16 2.31719535288978e-16 -2.850554363721454e-17 -2.986325676069264e-17 1.048840204980519e-15 1.009060924124854e-16
0 0 0 0 0 0
