0 0 0 0 0 0
0 0 0 0 0 0
0 0 0 0 0 0
0 0 0 0 0 0
0 0 0 0 0 0
0 0 0 0 0 0
0 0 0 0 0 0
0 0 0 0 0 0
0.07746895552227921 -0.0124796314229559 -0.09380657879378029 -0.01517478269174321 0.09968591807361746 -0.002953529094170235
-0.002185421605845478 -0.0002604211188343784 -0.0216155524872794 0.001084212053236945 -0.02229201920095011 -0.0001706286384006333
0.0002157010351974595 3.998145046978077e-05 -1.770098027539713e-05 4.814360822833168e-05 -0.0003300039996776764 2.073092961140697e-05
5.95104245997109e-07 1.813650422153598e-07 1.642787729214198e-06 -1.880443838544538e-06 1.158503365949057e-05 -5.131451222803766e-08
-8.534913067247075e-08 -2.386506944746024e-08 5.503870073116671e-09 -1.670141019716308e-08 1.375981863918769e-07 -1.026181894497214e-08
-6.637015139137044e-11 -3.636166907740083e-11 -2.132109107991177e-10 5.67294842079079e-10 -2.228132115315367e-09 1.590254393912774e-11
1.259351860135385e-11 4.197826296605033e-12 -1.270613918350765e-13 1.182966764563652e-12 -2.091850854561111e-11 1.87545363882242e-12
2.907824143950212e-15 2.314006725302899e-15 1.2651118241311e-14 -3.726591465689896e-14 1.408597927310129e-13 5.364738121396154e-16
-6.370628806666093e-16 -2.3171953528826e-16 -2.85055436370724e-17 2.986325676068224e-17 1.048840204978186e-15 -1.009060924122006e-16
0.06351852976417939 0.02117351603544187 -0.04209195985044337 -0.01581595507130536 0.03566134963822671 -0.06404287821621382
-0.00289162382919531 0.0006048064773130702 -0.02289368794577188 0.005938147555756199 -0.02292011089267956 -0.001296194615783133
0.0002377889081269894 6.491873064129243e-05 -9.137363369358912e-05 0.0001046459268033415 -0.0002171638444578225 3.64727642469198e-05
1.021975957377265e-06 -3.092692738046816e-07 2.305283614569649e-06 -2.568222724447111e-06 1.146557746432608e-05 1.776073375155469e-07
-9.341262588663725e-08 -3.900688284166198e-08 4.243982321897299e-08 -4.895056508350009e-08 7.705609034316136e-08 -8.964821174885002e-09
-1.47486602811105e-10 3.797000914220876e-11 -3.42826252499728e-10 6.809295312533486e-10 -2.189862208258047e-09 4.355950460674187e-13
1.364857129541744e-11 7.016298673423128e-12 -6.728243626846009e-12 6.608546851408627e-12 -1.021902988400573e-11 1.313880380672605e-12
7.749199495425469e-15 -1.30699627906827e-15 2.093348218239421e-14 -4.506303467562175e-14 1.387203452421297e-13 9.818207966633291e-16
-6.836120530764897e-16 -3.950945788372509e-16 3.508391356930221e-16 -2.552024546183402e-16 4.475673252036088e-16 -6.628334755939993e-17
0.06607022083592236 0.05352178430991611 -0.000225031972977729 -0.001640962040000626 0.02133162767685555 -0.1333484146651779
-0.00306509540487245 0.001522928161764513 -0.02288190857729887 0.009831729691878758 -0.02132809828888848 -0.00275860774139337
0.0002315785874353764 8.474516826981772e-05 -0.0001676203903951457 0.0001534796306785798 -0.0001526318008352312 4.888951362451254e-05
1.125081566771519e-06 -9.617635755519611e-07 2.076414328744389e-06 -2.777694320745757e-06 1.081652368693037e-05 6.011045927759593e-07
-9.042547442575657e-08 -5.020595455370773e-08 7.903011243061506e-08 -7.815305547318731e-08 3.618669399553446e-08 -3.424321512434035e-09
-1.675758613026125e-10 1.442611110243373e-10 -2.832705731622715e-10 6.89204583569055e-10 -2.103904634366748e-09 -3.441700142557185e-11
1.308396731631478e-11 9.13820795258559e-12 -1.321520921048131e-11 1.201326222228511e-11 -2.667538243718831e-12 -1.700377934668706e-14
8.985375224871272e-15 -6.547659747472153e-15 1.709679531871507e-14 -4.564573334552251e-14 1.348363908228245e-13 1.528313754604514e-15
-6.490781464122674e-16 -5.221282364638402e-16 7.262714778697295e-16 -5.701434569950908e-16 1.869596799230156e-17 7.758418729746542e-18
0.08329607434737242 0.11478007566113 -0.02128504439355534 0.03615844325986382 0.07762852445186488 -0.2458364473747194
-0.002844476377646563 0.002205800052310745 -0.02099302746669476 0.01376214226878775 -0.01560039419992063 -0.004824838808495758
0.0001965097595474037 6.90377879033906e-05 -0.0002076831114402497 0.0001540945071730039 -0.0001747311137220837 2.499182361953876e-05
8.98597203957402e-07 -2.310073661985861e-06 2.604047274997994e-07 -2.108588242298558e-06 8.903398169670033e-06 1.445258583207904e-06
-7.847660198855969e-08 -3.481433747903658e-08 8.925858181343477e-08 -7.733165739216684e-08 4.306299347071643e-08 2.457195711388998e-08
-1.202019076029754e-10 4.430335788484308e-10 1.628205265716994e-10 5.066224914198535e-10 -1.865817881690428e-09 -1.577543522206083e-10
1.150905218951007e-11 6.274648281262808e-12 -1.401381470318199e-11 1.227948785852881e-11 -4.455203127723998e-12 -5.34872497632423e-12
6.151124687510239e-15 -2.460369430744308e-14 -1.350316722057242e-14 -3.332059670543537e-14 1.244878050366372e-13 7.157343129252389e-15
-5.74679620357214e-16 -3.698657987427523e-16 7.454151738012772e-16 -6.229637208944713e-16 1.676581874746987e-16 3.132767715631317e-16
0.08871150525021469 0.1587595896309023 -0.05396819551243909 -0.03338537061126504 0.03779834835287912 -0.332434477792876
-0.00290165277626033 0.0009563676318069281 -0.02198302595529709 0.01498578593404073 -0.01177807821967245 -0.005899477943438384
0.0001626680062696611 4.293210712412328e-05 -0.0002089449401937174 0.0001987502606419879 -0.0001363606272891957 5.916495483600227e-05
1.058582111101369e-06 -2.448245513566749e-06 8.648056700715094e-07 -8.416618893930079e-07 6.390729458352899e-06 1.504366935759394e-06
-6.311251067633766e-08 -7.533495607178605e-09 7.364187280886018e-08 -7.687169183989579e-08 3.543059910153733e-08 1.609759364071306e-09
-1.694239640335122e-10 5.507892046933733e-10 1.251573945010841e-10 2.175129669745018e-10 -1.364287394322007e-09 -9.663837571427763e-11
9.037148733925036e-12 6.760645571698953e-13 -9.362906150287674e-12 1.062693064374333e-11 -5.471924964900866e-12 -9.321425062946879e-13
9.823322246360496e-15 -3.363654316818592e-14 -1.524422625536262e-14 -1.562652733443457e-14 9.452400356391001e-14 -4.872571216435283e-16
-4.389456971968145e-16 -4.139297961849003e-17 4.193693338471294e-16 -4.948943873096502e-16 3.388616705557597e-16 7.346543301967313e-17
0.081411346446096 0.2014707093902618 -0.06600880322295739 -0.06076276835896816 0.02457448659559837 -0.4034876738214142
-0.002470352177835243 -0.0003444119122858628 -0.02292810294012435 0.01716692343214472 -0.009271964069435793 -0.005556715943606537
0.0001322521318108433 2.929117571248036e-05 -0.0001740024461735074 0.000132242879288799 -0.0001066736107972213 3.800158542197557e-05
8.617727523165253e-07 -1.242043717392814e-06 2.114963172569757e-06 -1.308258197714806e-06 5.164673280445074e-06 1.273562431369753e-06
-4.690494555426844e-08 2.923478741716823e-09 4.891138393067465e-08 -3.22747126388272e-08 1.191334756591446e-08 3.777398773604985e-09
-1.317455751540003e-10 2.553098371322717e-10 -1.087868320659529e-10 2.283199214088165e-10 -1.151413337163206e-09 -8.119265275822761e-11
6.410547338360938e-12 -1.510842860679547e-12 -4.911023748098121e-12 2.439704317132646e-12 -5.807938953312947e-13 -2.220210016155016e-14
7.410142902275549e-15 -1.379899272931969e-14 -1.478503050292647e-15 -1.429664299335527e-14 8.279030004332604e-14 -2.209153948328058e-16
-3.013403400166383e-16 9.611330617434308e-17 1.786648856048131e-16 -3.254941701994248e-17 3.10427470019806e-17 -1.930563198440974e-17
0.08489003892110357 0.2624339477740186 -0.07737895712660497 0.07830054649995988 0.01818905419133053 -0.3774796818064059
-0.001386003464002531 -0.001091741648373717 -0.01991159758334072 0.01545578534906071 -0.008328140179117854 -0.002978418307820645
8.600162153486185e-05 -8.162752857721181e-07 -0.0001349196604717601 -7.617082563227259e-05 -0.0001507088100509902 -9.984318891750654e-05
2.003931933195457e-07 -1.252720059283282e-07 1.883648083726172e-06 -1.548082178111336e-08 5.425434235515382e-06 -1.375458867571533e-07
-2.749863471425116e-08 1.499309847910093e-08 3.078747810023434e-08 5.849827279851405e-08 5.596554971357032e-08 6.391661792411323e-08
2.351521984074687e-12 -2.782655883851185e-11 -1.32485176578207e-10 -1.437393204261072e-10 -1.21939797755625e-09 1.254829412772916e-10
3.807117326229346e-12 -3.641381425234825e-12 -2.359831699023579e-12 -1.203279325157655e-11 -8.547826992138322e-12 -8.819800124042183e-12
-9.680979184984282e-16 5.102453607112024e-15 1.584341427693036e-15 1.191237840793316e-14 8.767417110766263e-14 -9.092595182800523e-15
-1.877095080687921e-16 2.268831696915877e-16 7.113179457462544e-17 7.368313151141961e-16 4.194598442048897e-16 3.987690970690064e-16
0.07971450051636352 0.3072154292334756 -0.06688223983839632 0.2399326459919541 -0.08122292025799516 -0.3296303883690577
-0.001184911683877219 -0.0004213202430171653 -0.01546358656176753 0.008555212499734467 -0.007315293232855652 -0.001632045714667807
4.134316758074726e-05 -1.571729404254325e-05 -0.0001159530691389623 -0.0002290701058897523 -0.0001873001324818866 -0.0001157352430191596
1.302422795323388e-07 -3.785847007220224e-07 2.119802168999558e-06 3.896903961028161e-06 4.518707989855439e-06 -7.83117660128121e-07
-8.603977196785106e-09 1.726327248389884e-08 1.996282785142141e-08 1.109091252265665e-07 1.012479877066041e-07 5.346535112656594e-08
1.713678734800728e-11 3.587146806899749e-11 -3.185447543570486e-10 -1.033343389195787e-09 -9.075710148875784e-10 2.555981143117035e-10
1.220324087635778e-12 -3.317269308565475e-12 -3.069336209184564e-13 -1.886725775057432e-11 -1.82756139996284e-11 -5.762687576109957e-12
-1.992707311757742e-15 1.643757766659177e-16 1.554392922096786e-14 6.9844925072451e-14 6.314056880187679e-14 -1.712059869435389e-14
-7.087059246818312e-17 1.811581074131871e-16 -4.364652134611659e-17 1.042194676339176e-15 9.999936883624528e-16 1.862769314195578e-16
0.07704470061318426 0.3226767445481138 -0.0372086603098763 0.372913112387003 -0.1036545175323842 -0.2571681036604752
-0.0004106067201194568 -8.927286700321817e-05 -0.009631710480354347 0.006546623497357369 -0.003898351206226748 -0.00106835327218896
1.844225614072808e-05 3.92255648610782e-06 -7.507316386389862e-05 -0.0001638997708196837 -0.0001257607559027331 -2.176053964139923e-05
-1.459756011478485e-07 -4.459472490174351e-07 1.092202112892008e-06 2.252403201595979e-06 2.201941474447227e-06 -1.063668429308716e-06
-2.725194253734133e-09 2.098076937272561e-09 1.13321033831234e-08 4.142956548238029e-08 6.146373751164255e-08 -9.462121699452689e-10
5.54507597899075e-11 6.386343416474237e-11 -2.254583016164272e-10 -6.728562537793521e-10 -3.144945630611091e-10 3.342800137178459e-10
7.396202988088799e-13 -1.70200229223266e-13 -4.346770066208725e-13 -4.311771965224824e-12 -1.125621855698862e-11 2.226235506229809e-12
-3.921366836208631e-15 -2.761252035674486e-15 1.471713436724885e-14 4.739028767063983e-14 1.745951461375693e-14 -2.326641307846672e-14
-6.113565465588224e-17 -7.060820075693467e-18 1.193843984932646e-17 1.5185685639863e-16 6.33249272220268e-16 -1.792083696183363e-16
0.07585654732911851 0.341342334719795 -0.03899532045362385 0.4927805501516669 -0.05408125586213142 -0.1283468848264447
-0.0004029001328107349 -0.0003993003875157828 -0.003163366944789504 0.003160325304222131 -9.359937478209045e-05 -0.001023402282568328
1.42017226261461e-05 2.134621522426757e-05 -2.050109775837495e-05 -3.84483190466984e-05 -4.045002858837445e-05 2.7127902712083e-06
1.213848079796769e-07 1.555714071485409e-08 -2.549662489095383e-07 1.021944867638765e-06 2.745948142321045e-07 -2.559682550733388e-09
-3.391036863150083e-09 -8.169992519618607e-09 -5.290119264742513e-09 -1.080483539353506e-08 1.609220637539099e-08 -1.048202834602666e-09
-1.620651898995387e-11 -3.478339306527605e-12 3.980527692716674e-11 -3.054142009943699e-10 -1.357275644676675e-12 3.598801537236138e-11
6.023941325548245e-13 1.343988313223015e-12 1.397971116372609e-12 3.22340737432358e-12 -2.5072084581931e-12 -1.608151958354093e-13
9.483078105000475e-16 -2.308513346999174e-16 -1.507304598615251e-15 2.113230686210083e-14 -1.915838042459488e-15 -2.775414643278016e-15
-3.540856364177836e-17 -7.413562616515142e-17 -7.159288926566045e-17 -2.274680345940162e-16 1.131968248666608e-16 4.380974325911532e-17
0.08279216693345851 0.3711273725336694 -0.09106508181056136 0.4572859068622823 0.002280761111589636 -0.01671657784184316
-0.0003438811088063652 -0.0001639313091342005 -0.0006183714769061982 0.001780867433264857 0.001190995286882438 -0.0008118933654605059
4.861291793750665e-06 4.462915594966957e-06 -8.657128408534852e-06 -2.314999992951703e-05 -6.502171730627592e-06 -1.098289226021257e-05
1.7181879042821e-07 -3.492838337521109e-08 1.323738614603727e-07 -4.422740910008767e-07 -2.469672403722092e-07 2.447393151894152e-07
-7.650591530142175e-10 -1.197721189088787e-09 2.438576928452678e-09 5.976421258434106e-09 2.357223455927795e-10 7.432597953251381e-09
-3.934860509864344e-11 2.352338369247219e-11 1.33825876931167e-11 5.895811044276184e-11 7.712720248000293e-12 -2.223330936105944e-11
-1.372724816880567e-13 1.501979132366203e-13 1.629804389144346e-13 -4.735228756904814e-13 2.436112722665685e-13 -1.523170988904653e-12
3.067301917144052e-15 -2.497719339642634e-15 -4.048665050306344e-15 -2.652991549366715e-15 9.133418082701334e-16 2.078305720099668e-16
2.464571070643462e-17 -9.79865904953217e-18 -5.165867257213815e-17 -1.073937095940887e-17 -3.360009625514492e-17 9.364054486286182e-17
0.08118144228860148 0.4013008395338522 -0.1704597207166588 0.3323258358763058 0.1362000466189963 0.04529956766490027
0.0003852638012287571 -0.0007266939928859962 -0.002704238487522504 0.001812172388635036 0.001431542812719892 -0.001027863908308795
1.863826201541081e-05 2.320962949309996e-06 -1.56250665325649e-05 -8.176762218985222e-05 -7.682373639805752e-05 -4.545418661666626e-05
-2.085861934666801e-07 1.443305884756363e-07 -3.888924104975575e-07 5.160532392578299e-07 -3.618023661481785e-07 2.338362604736523e-07
-4.492536244813321e-09 -3.874705109147441e-09 9.755075110274938e-09 2.767916595377248e-08 1.144724304777563e-08 1.392174411260099e-08
3.467867875145501e-11 -3.026863781014791e-11 1.369599436612857e-11 -4.68360613690151e-11 1.472344342880671e-10 -4.088613251750657e-11
6.450977737470415e-13 8.733512830899982e-13 -1.600387257954604e-12 -4.19061001620275e-12 -1.767348788343941e-12 -2.63553350150087e-12
-1.538771833944382e-15 1.890763872596383e-15 2.722248249298414e-15 -1.912530322229217e-15 -1.427551876627513e-14 2.743352202173036e-15
-3.285165324985935e-17 -5.944847421990779e-17 7.229056756449533e-17 2.347998413521242e-16 1.32898149547477e-16 1.77434321499222e-16
0.06877299776844543 0.4124725505592118 -0.2367040218014196 0.2379192469972478 0.2177624324154261 0.07465958213533459
0.00127893159052882 -0.0012410336964056 -0.00960617540035719 0.004327911901781634 0.005816800461531689 -0.002043710565337259
5.984756667574496e-05 8.030375950830171e-06 -4.394897198279591e-06 -0.0001428244202357315 -0.0001234891418159547 -8.277418840085459e-05
-4.771367709716807e-07 1.782966915397332e-07 -6.758964479014815e-07 1.280334606489e-06 -7.751282625940693e-07 8.246201750208114e-07
-1.658563828087229e-08 -1.206853031355343e-08 1.136681491504773e-08 5.649550194217367e-08 5.155215768536403e-09 3.37606398437561e-08
7.544809604819333e-11 -3.580506232142475e-11 1.651461254318675e-10 -2.588237285050099e-10 1.42880231099778e-10 -1.083115435998993e-10
2.361524359586776e-12 2.607851280580884e-12 -2.171092784652557e-12 -8.947446227415579e-12 -5.085880167428312e-13 -5.898097062555153e-12
-4.01651872568581e-15 2.263365624203136e-15 -7.16143473453457e-15 1.381254936975908e-14 -1.330162823966315e-14 4.583164368997483e-15
-1.234463659521249e-16 -1.636030461870267e-16 1.118176824909338e-16 4.927013424622174e-16 1.083284797509828e-16 3.472222512415088e-16
0.05566311834943666 0.4032897273982926 -0.3272524408582041 0.08221833703521036 0.1336877923733147 0.05973977466465143
0.001616519326687646 -0.001164171176987155 -0.01965934603729055 0.005850332932193787 0.01365302350541029 -0.001937595056098687
0.0001158363812089411 -3.958969921216604e-05 0.0002010537544418795 3.663806777826721e-05 -0.0001450652373173759 5.020773021257101e-06
-3.793980520916158e-07 2.279734268195392e-07 3.453672160393926e-07 3.626712814527845e-06 -1.799678086545183e-06 1.37556398116686e-06
-3.888958305508209e-08 5.607868676887411e-09 -8.983508420249986e-08 -1.781586712576149e-08 2.966681200687e-08 9.451893054884986e-10
4.920264730195951e-11 -6.139393661382839e-11 2.266166719351952e-10 -7.547033198361679e-10 1.107155256792353e-10 -2.758313320639493e-10
5.83882080552235e-12 1.077422274329464e-13 1.521366117188998e-11 3.726806613125562e-12 -5.317739779623977e-12 -5.74098795208252e-13
-3.038587816788438e-15 4.505515483882016e-15 -1.862541229807105e-14 4.656747985533193e-14 -6.03620818911283e-15 1.795694114709455e-14
-3.092283026772624e-16 -4.209607294983367e-17 -8.405768629349646e-16 -2.322084444192497e-16 3.592629776042281e-16 3.496186987714516e-17
0.04392626339507972 0.3524598760981937 -0.3415122002099381 0.1251087733610369 0.1185048261459235 0.1038449511796173
0.002179934330653437 -0.0007220644267756573 -0.0296063717621068 0.01139392597253207 0.02160192473485606 -0.001156345019495689
0.0001391486307127603 -4.148329756196446e-05 0.0001985552932183302 1.324005949703962e-05 -0.0001251697493537986 4.717776277605131e-05
-5.305838684409849e-07 -9.621974037961816e-07 3.969177337781939e-06 4.741132635214551e-06 -5.838874524244876e-06 3.013286249085474e-07
-4.939755372895357e-08 1.523659947770703e-08 -1.155712082224511e-07 -3.932525871578946e-08 5.273562620133545e-08 -5.857884817258032e-09
6.245291074125391e-11 2.135482922508974e-10 -3.211525305773341e-10 -1.136781632141619e-09 6.340014105010095e-10 -4.385246700432648e-11
7.610574833967933e-12 -2.004862563890567e-12 2.21698782747508e-11 1.087779170202796e-11 -1.204192742499221e-11 -4.961019990581434e-13
-3.359268377954886e-15 -1.266835300474074e-14 1.051063027025559e-14 7.174768347552078e-14 -2.647305243234639e-14 3.183058568737706e-15
-4.076098248701056e-16 7.485148158676601e-17 -1.309994434981392e-15 -7.66538489715853e-16 8.327476579407832e-16 6.53804565008071e-17
0.02633643278231543 0.2835032511359298 -0.3229489174465091 0.1752947258813759 0.1246583703811679 0.110313603869954
0.00293136725391205 -0.001116314616445093 -0.03864428248582951 0.01999405496039653 0.02793990400878663 -0.001131777106473108
0.0001566402625432561 -9.070255276158745e-06 8.456193088310712e-05 -8.599706665180121e-05 -0.0001893027071615901 0.0001476030226299663
-8.845211827142993e-07 -1.496315948787015e-06 8.875300454632176e-06 2.045345233547141e-06 -1.091403117965399e-05 6.398769170360964e-07
-6.347862153466276e-08 1.222239813228134e-08 -3.616137965740031e-08 4.278492703259301e-08 8.097246586316089e-08 -6.961832290571682e-08
9.236263477045749e-11 3.809164432432366e-10 -1.347127954415901e-09 -8.495334464776283e-10 1.711649776776807e-09 -1.145451628358311e-10
1.053135680336434e-11 -2.827389130677165e-12 6.813041104736397e-12 -7.376680332436881e-12 -1.600968647897482e-11 1.111027051885736e-11
-3.394453594837611e-15 -2.477057262481469e-14 7.711733571782486e-14 6.212164331091194e-14 -9.579682741167742e-14 6.494027891010253e-15
-5.871469695127156e-16 1.678666313649361e-16 -4.095822049061304e-16 3.943220559314365e-16 1.012954930422989e-15 -5.893745619309883e-16
0.0171911539402641 0.1997068685252135 -0.3132991884012354 0.1477893172428303 0.08253059881195404 0.07795881796585362
0.003394231436545526 -0.001250801615113238 -0.0439822911833769 0.02425408367485997 0.03494129992430864 -1.973976402891519e-05
0.0001560283146949759 7.609363707581017e-05 9.508605936436921e-05 2.009607375434971e-05 -0.0002459376975477919 0.0001595759050669819
-1.213717519886792e-06 -8.432263894702895e-07 1.232275559428422e-05 -7.54098920848604e-08 -1.70296476419851e-05 2.006622651818069e-07
-7.289035752550926e-08 -2.591793769002072e-08 -2.361289215026655e-08 -3.615127370594727e-08 1.067033189881323e-07 -8.432808983950252e-08
1.466963363070856e-10 2.099627923285307e-10 -2.112027596464435e-09 -4.865017024056867e-10 2.985408708931875e-09 -5.589922944691482e-11
1.296277804620956e-11 2.739209851715377e-12 3.288353519389252e-12 8.63149099946104e-12 -1.835582057279775e-11 1.404817484577576e-11
-6.147983607799331e-15 -1.241042357973221e-14 1.28173556710958e-13 4.137879159961295e-14 -1.745324179401152e-13 4.15002262047705e-15
-7.469808928246932e-16 -8.589640987972857e-17 -1.771805427645238e-16 -5.755738391861627e-16 1.037398878001762e-15 -7.555423664812429e-16
0.01449442152082626 0.1600706354642454 -0.3092708407032884 0.1091514323155151 0.05616429230025463 0.07168794697424674
0.003602981722430715 -0.001052202503681469 -0.04575733281122714 0.02358256687658988 0.0350955632040011 0.0003090892403620515
0.0001474103629659623 8.445104828826555e-05 0.000114927265484995 4.069769930674837e-05 -0.00023192311702371 0.0001470702244145983
-1.372249102568218e-06 -5.849129826175007e-07 1.345674335119194e-05 -1.058502329891134e-06 -1.650769621864258e-05 1.342049155702636e-07
-7.294910445568855e-08 -3.289787143834552e-08 -2.554251246520663e-08 -3.824186107461498e-08 1.188946548732246e-07 -8.567703111506313e-08
1.768025872830007e-10 1.394050137870595e-10 -2.349386253989967e-09 -2.247739765228934e-10 2.78859705198963e-09 -5.571752242878327e-11
1.334428807681458e-11 4.171806859776548e-12 2.840779352933789e-12 7.875958314722992e-12 -2.244458146492422e-11 1.541627046333419e-11
-7.949223574724969e-15 -7.654573442348257e-15 1.430959781548616e-13 2.433963142055358e-14 -1.585293467059742e-13 4.784283263290673e-15
-7.788886701938716e-16 -1.684940225706272e-16 -1.291932680784799e-16 -4.760136489688676e-16 1.344926921237619e-15 -8.817504216810935e-16
0.01332297619870703 0.129091412320216 -0.3010933112792687 0.09592672342279329 0.03271161720825476 0.06605460046676544
0.003722007562759592 -0.00103731667978365 -0.04755356654416379 0.02086804300142762 0.03516095305956256 0.001086504133932472
0.0001358900489752755 7.915984138926556e-05 0.0001238687048786786 4.539623460021997e-05 -0.000227451489296124 0.0001256906501442043
-1.460679686711405e-06 -4.081439340273326e-07 1.461904051766112e-05 -1.218978750333558e-06 -1.6553939289705e-05 -4.677324609492858e-07
-7.028451486155111e-08 -3.235476241845741e-08 -2.676970216983915e-08 -3.670875475241406e-08 1.353773392603481e-07 -7.724698889630149e-08
1.939355308468871e-10 1.092057420899907e-10 -2.582572140365274e-09 -5.990465564548496e-11 2.796128384146018e-09 5.635604614632701e-11
1.315417981327324e-11 4.367120007762522e-12 2.74255554168412e-12 7.091998716201521e-12 -2.706476160054291e-11 1.449809803618652e-11
-9.027858734662316e-15 -6.337950784360373e-15 1.571088727693836e-13 1.034872794837476e-14 -1.586730741963175e-13 -1.293380942247001e-15
-7.75674735674706e-16 -1.90568726767705e-16 -1.145543315158606e-16 -4.071846379223496e-16 1.664764536296832e-15 -8.558462151733026e-16
0.01082995916500704 0.1044144928784805 -0.2945105302328216 0.08749755282249391 0.01940082988152086 0.05970209637198801
0.00369347402422298 -0.0008046182636099895 -0.04867903210294685 0.01849772452227092 0.03586304262883708 0.001297409090042042
0.0001265395891054568 7.924309867029311e-05 0.0001331146898409337 6.099026719326241e-05 -0.0002053976256030133 0.0001045376609425888
-1.458819556191369e-06 -4.696497310497229e-07 1.549717019337994e-05 -1.310665496735248e-06 -1.721974945043022e-05 -7.797708628833653e-07
-6.723654966690218e-08 -3.371104362030052e-08 -3.03735139037872e-08 -4.365899361850348e-08 1.295783866250834e-07 -6.568515837115409e-08
1.946878471392648e-10 1.312862253846295e-10 -2.773876489965573e-09 7.234197516692819e-11 2.95464949082818e-09 1.232014690226839e-10
1.279675528917822e-11 4.816721112974556e-12 3.279810556589965e-12 8.065898590565122e-12 -2.648852849493188e-11 1.245812354606615e-11
-9.161520377847085e-15 -8.40219226642263e-15 1.692370096987172e-13 -1.455906095706723e-15 -1.694162768280577e-13 -5.20443588485565e-15
-7.606273405036042e-16 -2.260415203533814e-16 -1.426455567480883e-16 -4.499386082949813e-16 1.644025330000701e-15 -7.392336274317033e-16
0.01310733586864066 0.07911105749754366 -0.293364719327623 0.07280181451451699 0.01593821699447486 0.05304930590672766
0.003674628729790075 -0.000360911442973559 -0.04908833156144573 0.01601804965379743 0.03626910000438844 0.0009581670671503983
0.0001128456849649236 8.17858381655884e-05 0.0001474552768150603 7.64722294027247e-05 -0.0001752252318778072 8.655534719314927e-05
-1.468169349463683e-06 -6.272409936666772e-07 1.59374826105503e-05 -1.416045338345289e-06 -1.761538698940083e-05 -7.059417700833515e-07
-6.238548104091927e-08 -3.626337252522182e-08 -3.546180337190685e-08 -5.007840269881899e-08 1.113620281228989e-07 -5.506593877378179e-08
1.979320848048984e-10 1.631977276122106e-10 -2.879836353834266e-09 2.005126464083683e-10 3.05047736825491e-09 1.16737147532918e-10
1.214764807081921e-11 5.427693404256883e-12 3.968454391202117e-12 8.951657193802953e-12 -2.295332579329989e-11 1.035847151166435e-11
-9.457067876441645e-15 -1.066545381009507e-14 1.762540710691079e-13 -1.282822068759868e-14 -1.760952460160035e-13 -4.908421159207169e-15
-7.297094721992459e-16 -2.681614108858061e-16 -1.75144044740186e-16 -4.889157393016959e-16 1.429508103624582e-15 -6.068594207801388e-16
0.008604652273625665 0.05630542863973238 -0.2976875961359372 0.05432312741265791 0.02816017640997794 0.04881375251792953
0.003637449698847803 0.0001247903893095114 -0.04885872405125995 0.01324713396332353 0.03606858145002437 0.0003643374418461748
0.00010219947550105 7.647002082032252e-05 0.0001625264889360351 7.221572361131736e-05 -0.0001668632804326059 7.480225114205165e-05
-1.466857819011927e-06 -7.172730832530917e-07 1.583216224389348e-05 -1.345659283465046e-06 -1.750957855177615e-05 -3.867703103509256e-07
-5.816000442439894e-08 -3.445338375594146e-08 -4.005983505325526e-08 -4.475392435090493e-08 9.896400058308733e-08 -4.850376169383995e-08
2.001153703945833e-10 1.62853863671539e-10 -2.859783208557114e-09 2.694911237605971e-10 3.031309809731484e-09 5.922221464319913e-11
1.155237178415017e-11 5.15093266821593e-12 4.518492773917343e-12 7.800587326525082e-12 -1.981206735837228e-11 8.956115910662978e-12
-9.72483866129962e-15 -1.0086305195806e-14 1.749240450949113e-13 -1.964078945766681e-14 -1.752037608749247e-13 -1.551886861504379e-15
-7.003917310999527e-16 -2.52990447774586e-16 -1.9850172823774e-16 -4.175247088119917e-16 1.21385064653872e-15 -5.108354579444847e-16
0.005829090281700934 0.04275059853033777 -0.2963008356264956 0.04497821910121001 0.03903516366152302 0.04687277076681619
0.003689760806530431 0.0003758339147563572 -0.04857582849845839 0.01125361323059391 0.03605751612148339 3.909366805256949e-05
9.902470923808802e-05 6.783738315901475e-05 0.0001615325309044219 5.530174679129168e-05 -0.0001644547878251522 6.878210676912885e-05
-1.475002537050371e-06 -7.130254477808289e-07 1.561112083454449e-05 -1.135218283908817e-06 -1.750294576016094e-05 -1.758066909192587e-07
-5.701818512105062e-08 -3.088537618488487e-08 -3.786634194653891e-08 -3.390008653674418e-08 9.164033634185963e-08 -4.543861602279349e-08
2.008566032330454e-10 1.453702608593585e-10 -2.807897340071566e-09 2.569275946909229e-10 3.027572577750239e-09 1.85992207883954e-11
1.141672489068896e-11 4.573611143861156e-12 3.983555622178737e-12 5.835557143211263e-12 -1.776320607758451e-11 8.287054506641375e-12
-9.784413448117389e-15 -8.406297681816231e-15 1.713830547337786e-13 -1.956130345445286e-14 -1.750356851223527e-13 8.724246042347481e-16
-6.946222012972219e-16 -2.209562402752667e-16 -1.634720743174072e-16 -3.083568393726916e-16 1.067490651745199e-15 -4.631543158910605e-16
0.006161992618936943 0.03085738773067358 -0.2918531648711291 0.03551395174538891 0.04714793396350101 0.04427430735302827
0.003722574936158894 0.0004805212954045912 -0.04831616858780208 0.009237056283481567 0.0362258986789697 -0.0001634979551711623
9.628293873451925e-05 5.536492310468919e-05 0.0001537769999950445 4.348468423775799e-05 -0.0001593393226721073 6.11086845905778e-05
-1.484818073123958e-06 -6.517781269170378e-07 1.540538804653265e-05 -9.078472216853191e-07 -1.763006217889016e-05 -1.886657734115345e-08
-5.61673443224274e-08 -2.552847553880685e-08 -3.265430805744324e-08 -2.49676880030785e-08 8.391005241243473e-08 -4.126067636688314e-08
2.021190744120579e-10 1.2142990098775e-10 -2.758425637933935e-09 2.233709245132128e-10 3.052212940744955e-09 -1.277805621727368e-11
1.132440679315313e-11 3.732124279034041e-12 2.945045681259622e-12 4.13532345360145e-12 -1.573019073025377e-11 7.455727530444516e-12
-9.877192382078409e-15 -6.489307628090091e-15 1.67970098248363e-13 -1.748117444426566e-14 -1.766555704102229e-13 2.754113956292413e-15
-6.90991985321018e-16 -1.762893115935117e-16 -1.006957141841716e-16 -2.141552115866659e-16 9.251541994658705e-16 -4.091149764874132e-16
0.007288457526819434 0.02064177014153539 -0.2856762280127425 0.02593889804457001 0.04886162584810345 0.0394731920932288
0.003746910858506992 0.0004460657003523539 -0.04822566446953686 0.007086379886338842 0.03660339311568855 -0.0002511919257391318
9.322434671416782e-05 4.179908493983895e-05 0.000144535645573188 3.51648710939804e-05 -0.0001518878997118457 5.007847313020838e-05
-1.494626578478869e-06 -5.34138013094351e-07 1.533284395789222e-05 -6.728448312138173e-07 -1.791725924928679e-05 7.677813989354401e-08
-5.526988296401429e-08 -1.96446207689733e-08 -2.742888320752606e-08 -1.734631346080568e-08 7.753448247386379e-08 -3.458012398054263e-08
2.03881485972047e-10 9.300580673436085e-11 -2.736761262128172e-09 1.774992386368951e-10 3.111310820637596e-09 -3.177896121329202e-11
1.122182164862806e-11 2.855438712974289e-12 1.960088709943232e-12 2.574599640665975e-12 -1.419013540932012e-11 6.217730285491723e-12
-1.001493779500323e-14 -4.578590725538732e-15 1.662927486272417e-13 -1.409949117038253e-14 -1.804319781348326e-13 3.834740873116898e-15
-6.866132298196752e-16 -1.331353627118092e-16 -4.268581636461488e-17 -1.254256061345062e-16 8.200574114891479e-16 -3.361945588220657e-16
0.006446398866029739 0.01224388821291654 -0.2796444940932398 0.01648279635411626 0.04366769511014244 0.03149712018214999
0.003703567912404467 0.0003200320261286968 -0.04836277430740323 0.004731544269876935 0.03701375099337865 -0.0002719955463903198
9.123610454212382e-05 2.720207547903245e-05 0.0001397154775390111 2.67897254712391e-05 -0.000144516051032269 3.560384302662744e-05
-1.480511149606724e-06 -3.764124642324301e-07 1.543322163741983e-05 -3.714177489378526e-07 -1.822930485498374e-05 1.291367436718367e-07
-5.435271237052164e-08 -1.324281231338703e-08 -2.531443967846267e-08 -9.874214889980358e-09 7.417747831261984e-08 -2.515947620482876e-08
2.004900743597077e-10 6.360104045149736e-11 -2.750867395489744e-09 1.034916211075986e-10 3.174884624738658e-09 -3.993184435894671e-11
1.109017936649652e-11 1.976844327414139e-12 1.590218134300306e-12 1.007591867676941e-12 -1.34744400530131e-11 4.536011102162503e-12
-9.79690371710803e-15 -2.971236478079735e-15 1.668287245770807e-13 -8.199849460608113e-15 -1.843718924739103e-13 4.120658085960988e-15
-6.801860696411753e-16 -9.557803230111094e-17 -2.155022886785221e-17 -3.346867682468072e-17 7.720481307768729e-16 -2.430616139526176e-16
0.009119553225565362 0.004995850954688388 -0.2760071730412326 0.006699300229956985 0.03593140070946013 0.02052984855877083
0.003650543179820484 0.0001827479123096937 -0.04866017760850735 0.002203879890319755 0.03723649381780122 -0.000251168148096217
8.746805413254943e-05 1.245369693838539e-05 0.0001432184269485602 1.822802676279311e-05 -0.0001400858945126904 1.922421997834026e-05
-1.450570447841088e-06 -2.205690256476296e-07 1.564969862432394e-05 -1.369875720961186e-08 -1.840908046125351e-05 1.467686248615808e-07
-5.303907443203684e-08 -6.677273147043835e-09 -2.808162446263611e-08 -2.713576775246426e-09 7.4062881264218e-08 -1.405858217164826e-08
1.947266418700993e-10 4.055474531492885e-11 -2.788673013149891e-09 9.711085724471957e-12 3.210198333980598e-09 -3.800021061976131e-11
1.090533166041664e-11 1.129118714868207e-12 2.137122431805666e-12 -5.47344415776133e-13 -1.351604056770952e-11 2.596077244117142e-12
-9.450673500154524e-15 -2.128037941188634e-15 1.6878896248296e-13 -8.286449529075843e-16 -1.863907398008277e-13 3.615594954722588e-15
-6.71098662264076e-16 -6.348797385959032e-17 -5.402419227111743e-17 6.490399666898436e-17 7.73379429396301e-16 -1.395094406074403e-16
0.01286306401122509 0 -0.2754224886651332 0 0.03034332448349663 0
0.0037408887509731 0 -0.04887977436827944 0 0.03716435480821142 0
8.744888950138656e-05 0 0.0001505353394124565 0 -0.0001400701326659127 0
-1.478493171741349e-06 0 1.582177883097878e-05 0 -1.838453179808803e-05 0
-5.312331377292513e-08 0 -3.283355493508576e-08 0 7.643349390938447e-08 0
1.983529439071624e-10 0 -2.820344653752215e-09 0 3.203525635011834e-09 0
1.091420880838035e-11 0 3.059784758813486e-12 0 -1.407567247937975e-11 0
-9.618018441792591e-15 0 1.704954066165244e-13 0 -1.857182585572237e-13 0
-6.713410546278374e-16 0 -1.090611733105077e-16 0 8.078278933247812e-16 0
0.009119553225565362 -0.004995850954688388 -0.2760071730412326 -0.006699300229956985 0.03593140070946013 -0.02052984855877083
0.003650543179820484 -0.0001827479123096937 -0.04866017760850735 -0.002203879890319755 0.03723649381780122 0.000251168148096217
8.746805413254943e-05 -1.245369693838539e-05 0.0001432184269485602 -1.822802676279311e-05 -0.0001400858945126904 -1.922421997834026e-05
-1.450570447841088e-06 2.205690256476296e-07 1.564969862432394e-05 1.369875720961186e-08 -1.840908046125351e-05 -1.467686248615808e-07
-5.303907443203684e-08 6.677273147043835e-09 -2.808162446263611e-08 2.713576775246426e-09 7.4062881264218e-08 1.405858217164826e-08
1.947266418700993e-10 -4.055474531492885e-11 -2.788673013149891e-09 -9.711085724471957e-12 3.210198333980598e-09 3.800021061976131e-11
1.090533166041664e-11 -1.129118714868207e-12 2.137122431805666e-12 5.47344415776133e-13 -1.351604056770952e-11 -2.596077244117142e-12
-9.450673500154524e-15 2.128037941188634e-15 1.6878896248296e-13 8.286449529075843e-16 -1.863907398008277e-13 -3.615594954722588e-15
-6.71098662264076e-16 6.348797385959032e-17 -5.402419227111743e-17 -6.490399666898436e-17 7.73379429396301e-16 1.395094406074403e-16
0.006446398866029739 -0.01224388821291654 -0.2796444940932398 -0.01648279635411626 0.04366769511014244 -0.03149712018214999
0.003703567912404467 -0.0003200320261286968 -0.04836277430740323 -0.004731544269876935 0.03701375099337865 0.0002719955463903198
9.123610454212382e-05 -2.720207547903245e-05 0.0001397154775390111 -2.67897254712391e-05 -0.000144516051032269 -3.560384302662744e-05
-1.480511149606724e-06 3.764124642324301e-07 1.543322163741983e-05 3.714177489378526e-07 -1.822930485498374e-05 -1.291367436718367e-07
-5.435271237052164e-08 1.324281231338703e-08 -2.531443967846267e-08 9.874214889980358e-09 7.417747831261984e-08 2.515947620482876e-08
2.004900743597077e-10 -6.360104045149736e-11 -2.750867395489744e-09 -1.034916211075986e-10 3.174884624738658e-09 3.993184435894671e-11
1.109017936649652e-11 -1.976844327414139e-12 1.590218134300306e-12 -1.007591867676941e-12 -1.34744400530131e-11 -4.536011102162503e-12
-9.79690371710803e-15 2.971236478079735e-15 1.668287245770807e-13 8.199849460608113e-15 -1.843718924739103e-13 -4.120658085960988e-15
-6.801860696411753e-16 9.557803230111094e-17 -2.155022886785221e-17 3.346867682468072e-17 7.720481307768729e-16 2.430616139526176e-16
0.007288457526819434 -0.02064177014153539 -0.2856762280127425 -0.02593889804457001 0.04886162584810345 -0.0394731920932288
0.003746910858506992 -0.0004460657003523539 -0.04822566446953686 -0.007086379886338842 0.03660339311568855 0.0002511919257391318
9.322434671416782e-05 -4.179908493983895e-05 0.000144535645573188 -3.51648710939804e-05 -0.0001518878997118457 -5.007847313020838e-05
-1.494626578478869e-06 5.34138013094351e-07 1.533284395789222e-05 6.728448312138173e-07 -1.791725924928679e-05 -7.677813989354401e-08
-5.526988296401429e-08 1.96446207689733e-08 -2.742888320752606e-08 1.734631346080568e-08 7.753448247386379e-08 3.458012398054263e-08
2.03881485972047e-10 -9.300580673436085e-11 -2.736761262128172e-09 -1.774992386368951e-10 3.111310820637596e-09 3.177896121329202e-11
1.122182164862806e-11 -2.855438712974289e-12 1.960088709943232e-12 -2.574599640665975e-12 -1.419013540932012e-11 -6.217730285491723e-12
-1.001493779500323e-14 4.578590725538732e-15 1.662927486272417e-13 1.409949117038253e-14 -1.804319781348326e-13 -3.834740873116898e-15
-6.866132298196752e-16 1.331353627118092e-16 -4.268581636461488e-17 1.254256061345062e-16 8.200574114891479e-16 3.361945588220657e-16
0.006161992618936943 -0.03085738773067358 -0.2918531648711291 -0.03551395174538891 0.04714793396350101 -0.04427430735302827
0.003722574936158894 -0.0004805212954045912 -0.04831616858780208 -0.009237056283481567 0.0362258986789697 0.0001634979551711623
9.628293873451925e-05 -5.536492310468919e-05 0.0001537769999950445 -4.348468423775799e-05 -0.0001593393226721073 -6.11086845905778e-05
-1.484818073123958e-06 6.517781269170378e-07 1.540538804653265e-05 9.078472216853191e-07 -1.763006217889016e-05 1.886657734115345e-08
-5.61673443224274e-08 2.552847553880685e-08 -3.265430805744324e-08 2.49676880030785e-08 8.391005241243473e-08 4.126067636688314e-08
2.021190744120579e-10 -1.2142990098775e-10 -2.758425637933935e-09 -2.233709245132128e-10 3.052212940744955e-09 1.277805621727368e-11
1.132440679315313e-11 -3.732124279034041e-12 2.945045681259622e-12 -4.13532345360145e-12 -1.573019073025377e-11 -7.455727530444516e-12
-9.877192382078409e-15 6.489307628090091e-15 1.67970098248363e-13 1.748117444426566e-14 -1.766555704102229e-13 -2.754113956292413e-15
-6.90991985321018e-16 1.762893115935117e-16 -1.006957141841716e-16 2.141552115866659e-16 9.251541994658705e-16 4.091149764874132e-16
0.005829090281700934 -0.04275059853033777 -0.2963008356264956 -0.04497821910121001 0.03903516366152302 -0.04687277076681619
0.003689760806530431 -0.0003758339147563572 -0.04857582849845839 -0.01125361323059391 0.03605751612148339 -3.909366805256949e-05
9.902470923808802e-05 -6.783738315901475e-05 0.0001615325309044219 -5.530174679129168e-05 -0.0001644547878251522 -6.878210676912885e-05
-1.475002537050371e-06 7.130254477808289e-07 1.561112083454449e-05 1.135218283908817e-06 -1.750294576016094e-05 1.758066909192587e-07
-5.701818512105062e-08 3.088537618488487e-08 -3.786634194653891e-08 3.390008653674418e-08 9.164033634185963e-08 4.543861602279349e-08
2.008566032330454e-10 -1.453702608593585e-10 -2.807897340071566e-09 -2.569275946909229e-10 3.027572577750239e-09 -1.85992207883954e-11
1.141672489068896e-11 -4.573611143861156e-12 3.983555622178737e-12 -5.835557143211263e-12 -1.776320607758451e-11 -8.287054506641375e-12
-9.784413448117389e-15 8.406297681816231e-15 1.713830547337786e-13 1.956130345445286e-14 -1.750356851223527e-13 -8.724246042347481e-16
-6.946222012972219e-16 2.209562402752667e-16 -1.634720743174072e-16 3.083568393726916e-16 1.067490651745199e-15 4.631543158910605e-16
0.008604652273625665 -0.05630542863973238 -0.2976875961359372 -0.05432312741265791 0.02816017640997794 -0.04881375251792953
0.003637449698847803 -0.0001247903893095114 -0.04885872405125995 -0.01324713396332353 0.03606858145002437 -0.0003643374418461748
0.00010219947550105 -7.647002082032252e-05 0.0001625264889360351 -7.221572361131736e-05 -0.0001668632804326059 -7.480225114205165e-05
-1.466857819011927e-06 7.172730832530917e-07 1.583216224389348e-05 1.345659283465046e-06 -1.750957855177615e-05 3.867703103509256e-07
-5.816000442439894e-08 3.445338375594146e-08 -4.005983505325526e-08 4.475392435090493e-08 9.896400058308733e-08 4.850376169383995e-08
2.001153703945833e-10 -1.62853863671539e-10 -2.859783208557114e-09 -2.694911237605971e-10 3.031309809731484e-09 -5.922221464319913e-11
1.155237178415017e-11 -5.15093266821593e-12 4.518492773917343e-12 -7.800587326525082e-12 -1.981206735837228e-11 -8.956115910662978e-12
-9.72483866129962e-15 1.0086305195806e-14 1.749240450949113e-13 1.964078945766681e-14 -1.752037608749247e-13 1.551886861504379e-15
-7.003917310999527e-16 2.52990447774586e-16 -1.9850172823774e-16 4.175247088119917e-16 1.21385064653872e-15 5.108354579444847e-16
0.01310733586864066 -0.07911105749754366 -0.293364719327623 -0.07280181451451699 0.01593821699447486 -0.05304930590672766
0.003674628729790075 0.000360911442973559 -0.04908833156144573 -0.01601804965379743 0.03626910000438844 -0.0009581670671503983
0.0001128456849649236 -8.17858381655884e-05 0.0001474552768150603 -7.64722294027247e-05 -0.0001752252318778072 -8.655534719314927e-05
-1.468169349463683e-06 6.272409936666772e-07 1.59374826105503e-05 1.416045338345289e-06 -1.761538698940083e-05 7.059417700833515e-07
-6.238548104091927e-08 3.626337252522182e-08 -3.546180337190685e-08 5.007840269881899e-08 1.113620281228989e-07 5.506593877378179e-08
1.979320848048984e-10 -1.631977276122106e-10 -2.879836353834266e-09 -2.005126464083683e-10 3.05047736825491e-09 -1.16737147532918e-10
1.214764807081921e-11 -5.427693404256883e-12 3.968454391202117e-12 -8.951657193802953e-12 -2.295332579329989e-11 -1.035847151166435e-11
-9.457067876441645e-15 1.066545381009507e-14 1.762540710691079e-13 1.282822068759868e-14 -1.760952460160035e-13 4.908421159207169e-15
-7.297094721992459e-16 2.681614108858061e-16 -1.75144044740186e-16 4.889157393016959e-16 1.429508103624582e-15 6.068594207801388e-16
0.01082995916500704 -0.1044144928784805 -0.2945105302328216 -0.08749755282249391 0.01940082988152086 -0.05970209637198801
0.00369347402422298 0.0008046182636099895 -0.04867903210294685 -0.01849772452227092 0.03586304262883708 -0.001297409090042042
0.0001265395891054568 -7.924309867029311e-05 0.0001331146898409337 -6.099026719326241e-05 -0.0002053976256030133 -0.0001045376609425888
-1.458819556191369e-06 4.696497310497229e-07 1.549717019337994e-05 1.310665496735248e-06 -1.721974945043022e-05 7.797708628833653e-07
-6.723654966690218e-08 3.371104362030052e-08 -3.03735139037872e-08 4.365899361850348e-08 1.295783866250834e-07 6.568515837115409e-08
1.946878471392648e-10 -1.312862253846295e-10 -2.773876489965573e-09 -7.234197516692819e-11 2.95464949082818e-09 -1.232014690226839e-10
1.279675528917822e-11 -4.816721112974556e-12 3.279810556589965e-12 -8.065898590565122e-12 -2.648852849493188e-11 -1.245812354606615e-11
-9.161520377847085e-15 8.40219226642263e-15 1.692370096987172e-13 1.455906095706723e-15 -1.694162768280577e-13 5.20443588485565e-15
-7.606273405036042e-16 2.260415203533814e-16 -1.426455567480883e-16 4.499386082949813e-16 1.644025330000701e-15 7.392336274317033e-16
0.01332297619870703 -0.129091412320216 -0.3010933112792687 -0.09592672342279329 0.03271161720825476 -0.06605460046676544
0.003722007562759592 0.00103731667978365 -0.04755356654416379 -0.02086804300142762 0.03516095305956256 -0.001086504133932472
0.0001358900489752755 -7.915984138926556e-05 0.0001238687048786786 -4.539623460021997e-05 -0.000227451489296124 -0.0001256906501442043
-1.460679686711405e-06 4.081439340273326e-07 1.461904051766112e-05 1.218978750333558e-06 -1.6553939289705e-05 4.677324609492858e-07
-7.028451486155111e-08 3.235476241845741e-08 -2.676970216983915e-08 3.670875475241406e-08 1.353773392603481e-07 7.724698889630149e-08
1.939355308468871e-10 -1.092057420899907e-10 -2.582572140365274e-09 5.990465564548496e-11 2.796128384146018e-09 -5.635604614632701e-11
1.315417981327324e-11 -4.367120007762522e-12 2.74255554168412e-12 -7.091998716201521e-12 -2.706476160054291e-11 -1.449809803618652e-11
-9.027858734662316e-15 6.337950784360373e-15 1.571088727693836e-13 -1.034872794837476e-14 -1.586730741963175e-13 1.293380942247001e-15
-7.75674735674706e-16 1.90568726767705e-16 -1.145543315158606e-16 4.071846379223496e-16 1.664764536296832e-15 8.558462151733026e-16
0.01449442152082626 -0.1600706354642454 -0.3092708407032884 -0.1091514323155151 0.05616429230025463 -0.07168794697424674
0.003602981722430715 0.001052202503681469 -0.04575733281122714 -0.02358256687658988 0.0350955632040011 -0.0003090892403620515
0.0001474103629659623 -8.445104828826555e-05 0.000114927265484995 -4.069769930674837e-05 -0.00023192311702371 -0.0001470702244145983
-1.372249102568218e-06 5.849129826175007e-07 1.345674335119194e-05 1.058502329891134e-06 -1.650769621864258e-05 -1.342049155702636e-07
-7.294910445568855e-08 3.289787143834552e-08 -2.554251246520663e-08 3.824186107461498e-08 1.188946548732246e-07 8.567703111506313e-08
1.768025872830007e-10 -1.394050137870595e-10 -2.349386253989967e-09 2.247739765228934e-10 2.78859705198963e-09 5.571752242878327e-11
1.334428807681458e-11 -4.171806859776548e-12 2.840779352933789e-12 -7.875958314722992e-12 -2.244458146492422e-11 -1.541627046333419e-11
-7.949223574724969e-15 7.654573442348257e-15 1.430959781548616e-13 -2.433963142055358e-14 -1.585293467059742e-13 -4.784283263290673e-15
-7.788886701938716e-16 1.684940225706272e-16 -1.291932680784799e-16 4.760136489688676e-16 1.344926921237619e-15 8.817504216810935e-16
0.0171911539402641 -0.1997068685252135 -0.3132991884012354 -0.1477893172428303 0.08253059881195404 -0.07795881796585362
0.003394231436545526 0.001250801615113238 -0.0439822911833769 -0.02425408367485997 0.03494129992430864 1.973976402891519e-05
0.0001560283146949759 -7.609363707581017e-05 9.508605936436921e-05 -2.009607375434971e-05 -0.0002459376975477919 -0.0001595759050669819
-1.213717519886792e-06 8.432263894702895e-07 1.232275559428422e-05 7.54098920848604e-08 -1.70296476419851e-05 -2.006622651818069e-07
-7.289035752550926e-08 2.591793769002072e-08 -2.361289215026655e-08 3.615127370594727e-08 1.067033189881323e-07 8.432808983950252e-08
1.466963363070856e-10 -2.099627923285307e-10 -2.112027596464435e-09 4.865017024056867e-10 2.985408708931875e-09 5.589922944691482e-11
1.296277804620956e-11 -2.739209851715377e-12 3.288353519389252e-12 -8.63149099946104e-12 -1.835582057279775e-11 -1.404817484577576e-11
-6.147983607799331e-15 1.241042357973221e-14 1.28173556710958e-13 -4.137879159961295e-14 -1.745324179401152e-13 -4.15002262047705e-15
-7.469808928246932e-16 8.589640987972857e-17 -1.771805427645238e-16 5.755738391861627e-16 1.037398878001762e-15 7.555423664812429e-16
0.02633643582956272 -0.2835032511359298 -0.3229489174465091 -0.1752947258813759 0.1246583703811679 -0.110313603869954
0.002931367169187323 0.001116314616445093 -0.03864428248582951 -0.01999405496039653 0.02793990400878663 0.001131777106473108
0.0001566402579981614 9.070255276158745e-06 8.456193088310712e-05 8.599706665180121e-05 -0.0001893027071615901 -0.0001476030226299663
-8.84521117799476e-07 1.496315948787015e-06 8.875300454632176e-06 -2.045345233547141e-06 -1.091403117965399e-05 -6.398769170360964e-07
-6.347861956912697e-08 -1.222239813228134e-08 -3.616137965740031e-08 -4.278492703259301e-08 8.097246586316089e-08 6.961832290571682e-08
9.236262074509146e-11 -3.809164432432366e-10 -1.347127954415901e-09 8.495334464776283e-10 1.711649776776807e-09 1.145451628358311e-10
1.053135648275517e-11 2.827389130677165e-12 6.813041104736397e-12 7.376680332436881e-12 -1.600968647897482e-11 -1.111027051885736e-11
-3.39445268997529e-15 2.477057262481469e-14 7.711733571782486e-14 -6.212164331091194e-14 -9.579682741167742e-14 -6.494027891010253e-15
-5.871469520324206e-16 -1.678666313649361e-16 -4.095822049061304e-16 -3.943220559314365e-16 1.012954930422989e-15 5.893745619309883e-16
0.04392626339507972 -0.3524598760981937 -0.3415122002099381 -0.1251087733610369 0.1185048261459235 -0.1038449511796173
0.002179934330653437 0.0007220644267756573 -0.0296063717621068 -0.01139392597253207 0.02160192473485606 0.001156345019495689
0.0001391486307127603 4.148329756196446e-05 0.0001985552932183302 -1.324005949703962e-05 -0.0001251697493537986 -4.717776277605131e-05
-5.305838684409849e-07 9.621974037961816e-07 3.969177337781939e-06 -4.741132635214551e-06 -5.838874524244876e-06 -3.013286249085474e-07
-4.939755372895357e-08 -1.523659947770703e-08 -1.155712082224511e-07 3.932525871578946e-08 5.273562620133545e-08 5.857884817258032e-09
6.245291074125391e-11 -2.135482922508974e-10 -3.211525305773341e-10 1.136781632141619e-09 6.340014105010095e-10 4.385246700432648e-11
7.610574833967933e-12 2.004862563890567e-12 2.21698782747508e-11 -1.087779170202796e-11 -1.204192742499221e-11 4.961019990581434e-13
-3.359268377954886e-15 1.266835300474074e-14 1.051063027025559e-14 -7.174768347552078e-14 -2.647305243234639e-14 -3.183058568737706e-15
-4.076098248701056e-16 -7.485148158676601e-17 -1.309994434981392e-15 7.66538489715853e-16 8.327476579407832e-16 -6.53804565008071e-17
0.05566311834943666 -0.4032897273982926 -0.3272524408582041 -0.08221833703521036 0.1336877923733147 -0.05973977466465143
0.001616519326687646 0.001164171176987155 -0.01965934603729055 -0.005850332932193787 0.01365302350541029 0.001937595056098687
0.0001158363812089411 3.958969921216604e-05 0.0002010537544418795 -3.663806777826721e-05 -0.0001450652373173759 -5.020773021257101e-06
-3.793980520916158e-07 -2.279734268195392e-07 3.453672160393926e-07 -3.626712814527845e-06 -1.799678086545183e-06 -1.37556398116686e-06
-3.888958305508209e-08 -5.607868676887411e-09 -8.983508420249986e-08 1.781586712576149e-08 2.966681200687e-08 -9.451893054884986e-10
4.920264730195951e-11 6.139393661382839e-11 2.266166719351952e-10 7.547033198361679e-10 1.107155256792353e-10 2.758313320639493e-10
5.83882080552235e-12 -1.077422274329464e-13 1.521366117188998e-11 -3.726806613125562e-12 -5.317739779623977e-12 5.74098795208252e-13
-3.038587816788438e-15 -4.505515483882016e-15 -1.862541229807105e-14 -4.656747985533193e-14 -6.03620818911283e-15 -1.795694114709455e-14
-3.092283026772624e-16 4.209607294983367e-17 -8.405768629349646e-16 2.322084444192497e-16 3.592629776042281e-16 -3.496186987714516e-17
0.06877299776844543 -0.4124725505592118 -0.2367040218014196 -0.2379192469972478 0.2177624324154261 -0.07465958213533459
0.00127893159052882 0.0012410336964056 -0.00960617540035719 -0.004327911901781634 0.005816800461531689 0.002043710565337259
5.984756667574496e-05 -8.030375950830171e-06 -4.394897198279591e-06 0.0001428244202357315 -0.0001234891418159547 8.277418840085459e-05
-4.771367709716807e-07 -1.782966915397332e-07 -6.758964479014815e-07 -1.280334606489e-06 -7.751282625940693e-07 -8.246201750208114e-07
-1.658563828087229e-08 1.206853031355343e-08 1.136681491504773e-08 -5.649550194217367e-08 5.155215768536403e-09 -3.37606398437561e-08
7.544809604819333e-11 3.580506232142475e-11 1.651461254318675e-10 2.588237285050099e-10 1.42880231099778e-10 1.083115435998993e-10
2.361524359586776e-12 -2.607851280580884e-12 -2.171092784652557e-12 8.947446227415579e-12 -5.085880167428312e-13 5.898097062555153e-12
-4.01651872568581e-15 -2.263365624203136e-15 -7.16143473453457e-15 -1.381254936975908e-14 -1.330162823966315e-14 -4.583164368997483e-15
-1.234463659521249e-16 1.636030461870267e-16 1.118176824909338e-16 -4.927013424622174e-16 1.083284797509828e-16 -3.472222512415088e-16
0.08118144228860148 -0.4013008395338522 -0.1704597207166588 -0.3323258358763058 0.1362000466189963 -0.04529956766490027
0.0003852638012287571 0.0007266939928859962 -0.002704238487522504 -0.001812172388635036 0.001431542812719892 0.001027863908308795
1.863826201541081e-05 -2.320962949309996e-06 -1.56250665325649e-05 8.176762218985222e-05 -7.682373639805752e-05 4.545418661666626e-05
-2.085861934666801e-07 -1.443305884756363e-07 -3.888924104975575e-07 -5.160532392578299e-07 -3.618023661481785e-07 -2.338362604736523e-07
-4.492536244813321e-09 3.874705109147441e-09 9.755075110274938e-09 -2.767916595377248e-08 1.144724304777563e-08 -1.392174411260099e-08
3.467867875145501e-11 3.026863781014791e-11 1.369599436612857e-11 4.68360613690151e-11 1.472344342880671e-10 4.088613251750657e-11
6.450977737470415e-13 -8.733512830899982e-13 -1.600387257954604e-12 4.19061001620275e-12 -1.767348788343941e-12 2.63553350150087e-12
-1.538771833944382e-15 -1.890763872596383e-15 2.722248249298414e-15 1.912530322229217e-15 -1.427551876627513e-14 -2.743352202173036e-15
-3.285165324985935e-17 5.944847421990779e-17 7.229056756449533e-17 -2.347998413521242e-16 1.32898149547477e-16 -1.77434321499222e-16
0.08279216693345851 -0.3711273725336694 -0.09106508181056136 -0.4572859068622823 0.002280761111589636 0.01671657784184316
-0.0003438811088063652 0.0001639313091342005 -0.0006183714769061982 -0.001780867433264857 0.001190995286882438 0.0008118933654605059
4.861291793750665e-06 -4.462915594966957e-06 -8.657128408534852e-06 2.314999992951703e-05 -6.502171730627592e-06 1.098289226021257e-05
1.7181879042821e-07 3.492838337521109e-08 1.323738614603727e-07 4.422740910008767e-07 -2.469672403722092e-07 -2.447393151894152e-07
-7.650591530142175e-10 1.197721189088787e-09 2.438576928452678e-09 -5.976421258434106e-09 2.357223455927795e-10 -7.432597953251381e-09
-3.934860509864344e-11 -2.352338369247219e-11 1.33825876931167e-11 -5.895811044276184e-11 7.712720248000293e-12 2.223330936105944e-11
-1.372724816880567e-13 -1.501979132366203e-13 1.629804389144346e-13 4.735228756904814e-13 2.436112722665685e-13 1.523170988904653e-12
3.067301917144052e-15 2.497719339642634e-15 -4.048665050306344e-15 2.652991549366715e-15 9.133418082701334e-16 -2.078305720099668e-16
2.464571070643462e-17 9.79865904953217e-18 -5.165867257213815e-17 1.073937095940887e-17 -3.360009625514492e-17 -9.364054486286182e-17
0.07585654732911851 -0.341342334719795 -0.03899532045362385 -0.4927805501516669 -0.05408125586213142 0.1283468848264447
-0.0004029001328107349 0.0003993003875157828 -0.003163366944789504 -0.003160325304222131 -9.359937478209045e-05 0.001023402282568328
1.42017226261461e-05 -2.134621522426757e-05 -2.050109775837495e-05 3.84483190466984e-05 -4.045002858837445e-05 -2.7127902712083e-06
1.213848079796769e-07 -1.555714071485409e-08 -2.549662489095383e-07 -1.021944867638765e-06 2.745948142321045e-07 2.559682550733388e-09
-3.391036863150083e-09 8.169992519618607e-09 -5.290119264742513e-09 1.080483539353506e-08 1.609220637539099e-08 1.048202834602666e-09
-1.620651898995387e-11 3.478339306527605e-12 3.980527692716674e-11 3.054142009943699e-10 -1.357275644676675e-12 -3.598801537236138e-11
6.023941325548245e-13 -1.343988313223015e-12 1.397971116372609e-12 -3.22340737432358e-12 -2.5072084581931e-12 1.608151958354093e-13
9.483078105000475e-16 2.308513346999174e-16 -1.507304598615251e-15 -2.113230686210083e-14 -1.915838042459488e-15 2.775414643278016e-15
-3.540856364177836e-17 7.413562616515142e-17 -7.159288926566045e-17 2.274680345940162e-16 1.131968248666608e-16 -4.380974325911532e-17
0.07704470061318426 -0.3226767445481138 -0.0372086603098763 -0.372913112387003 -0.1036545175323842 0.2571681036604752
-0.0004106067201194568 8.927286700321817e-05 -0.009631710480354347 -0.006546623497357369 -0.003898351206226748 0.00106835327218896
1.844225614072808e-05 -3.92255648610782e-06 -7.507316386389862e-05 0.0001638997708196837 -0.0001257607559027331 2.176053964139923e-05
-1.459756011478485e-07 4.459472490174351e-07 1.092202112892008e-06 -2.252403201595979e-06 2.201941474447227e-06 1.063668429308716e-06
-2.725194253734133e-09 -2.098076937272561e-09 1.13321033831234e-08 -4.142956548238029e-08 6.146373751164255e-08 9.462121699452689e-10
5.54507597899075e-11 -6.386343416474237e-11 -2.254583016164272e-10 6.728562537793521e-10 -3.144945630611091e-10 -3.342800137178459e-10
7.396202988088799e-13 1.70200229223266e-13 -4.346770066208725e-13 4.311771965224824e-12 -1.125621855698862e-11 -2.226235506229809e-12
-3.921366836208631e-15 2.761252035674486e-15 1.471713436724885e-14 -4.739028767063983e-14 1.745951461375693e-14 2.326641307846672e-14
-6.113565465588224e-17 7.060820075693467e-18 1.193843984932646e-17 -1.5185685639863e-16 6.33249272220268e-16 1.792083696183363e-16
0.07971450051636352 -0.3072154292334756 -0.06688223983839632 -0.2399326459919541 -0.08122292025799516 0.3296303883690577
-0.001184911683877219 0.0004213202430171653 -0.01546358656176753 -0.008555212499734467 -0.007315293232855652 0.001632045714667807
4.134316758074726e-05 1.571729404254325e-05 -0.0001159530691389623 0.0002290701058897523 -0.0001873001324818866 0.0001157352430191596
1.302422795323388e-07 3.785847007220224e-07 2.119802168999558e-06 -3.896903961028161e-06 4.518707989855439e-06 7.83117660128121e-07
-8.603977196785106e-09 -1.726327248389884e-08 1.996282785142141e-08 -1.109091252265665e-07 1.012479877066041e-07 -5.346535112656594e-08
1.713678734800728e-11 -3.587146806899749e-11 -3.185447543570486e-10 1.033343389195787e-09 -9.075710148875784e-10 -2.555981143117035e-10
1.220324087635778e-12 3.317269308565475e-12 -3.069336209184564e-13 1.886725775057432e-11 -1.82756139996284e-11 5.762687576109957e-12
-1.992707311757742e-15 -1.643757766659177e-16 1.554392922096786e-14 -6.9844925072451e-14 6.314056880187679e-14 1.712059869435389e-14
-7.087059246818312e-17 -1.811581074131871e-16 -4.364652134611659e-17 -1.042194676339176e-15 9.999936883624528e-16 -1.862769314195578e-16
0.08489003892110357 -0.2624339477740186 -0.07737895712660497 -0.07830054649995988 0.01818905419133053 0.3774796818064059
-0.001386003464002531 0.001091741648373717 -0.01991159758334072 -0.01545578534906071 -0.008328140179117854 0.002978418307820645
8.600162153486185e-05 8.162752857721181e-07 -0.0001349196604717601 7.617082563227259e-05 -0.0001507088100509902 9.984318891750654e-05
2.003931933195457e-07 1.252720059283282e-07 1.883648083726172e-06 1.548082178111336e-08 5.425434235515382e-06 1.375458867571533e-07
-2.749863471425116e-08 -1.499309847910093e-08 3.078747810023434e-08 -5.849827279851405e-08 5.596554971357032e-08 -6.391661792411323e-08
2.351521984074687e-12 2.782655883851185e-11 -1.32485176578207e-10 1.437393204261072e-10 -1.21939797755625e-09 -1.254829412772916e-10
3.807117326229346e-12 3.641381425234825e-12 -2.359831699023579e-12 1.203279325157655e-11 -8.547826992138322e-12 8.819800124042183e-12
-9.680979184984282e-16 -5.102453607112024e-15 1.584341427693036e-15 -1.191237840793316e-14 8.767417110766263e-14 9.092595182800523e-15
-1.877095080687921e-16 -2.268831696915877e-16 7.113179457462544e-17 -7.368313151141961e-16 4.194598442048897e-16 -3.987690970690064e-16
0.081411346446096 -0.2014707093902618 -0.06600880322295739 0.06076276835896816 0.02457448659559837 0.4034876738214142
-0.002470352177835243 0.0003444119122858628 -0.02292810294012435 -0.01716692343214472 -0.009271964069435793 0.005556715943606537
0.0001322521318108433 -2.929117571248036e-05 -0.0001740024461735074 -0.000132242879288799 -0.0001066736107972213 -3.800158542197557e-05
8.617727523165253e-07 1.242043717392814e-06 2.114963172569757e-06 1.308258197714806e-06 5.164673280445074e-06 -1.273562431369753e-06
-4.690494555426844e-08 -2.923478741716823e-09 4.891138393067465e-08 3.22747126388272e-08 1.191334756591446e-08 -3.777398773604985e-09
-1.317455751540003e-10 -2.553098371322717e-10 -1.087868320659529e-10 -2.283199214088165e-10 -1.151413337163206e-09 8.119265275822761e-11
6.410547338360938e-12 1.510842860679547e-12 -4.911023748098121e-12 -2.439704317132646e-12 -5.807938953312947e-13 2.220210016155016e-14
7.410142902275549e-15 1.379899272931969e-14 -1.478503050292647e-15 1.429664299335527e-14 8.279030004332604e-14 2.209153948328058e-16
-3.013403400166383e-16 -9.611330617434308e-17 1.786648856048131e-16 3.254941701994248e-17 3.10427470019806e-17 1.930563198440974e-17
0.08871150525021469 -0.1587595896309023 -0.05396819551243909 0.03338537061126504 0.03779834835287912 0.332434477792876
-0.00290165277626033 -0.0009563676318069281 -0.02198302595529709 -0.01498578593404073 -0.01177807821967245 0.005899477943438384
0.0001626680062696611 -4.293210712412328e-05 -0.0002089449401937174 -0.0001987502606419879 -0.0001363606272891957 -5.916495483600227e-05
1.058582111101369e-06 2.448245513566749e-06 8.648056700715094e-07 8.416618893930079e-07 6.390729458352899e-06 -1.504366935759394e-06
-6.311251067633766e-08 7.533495607178605e-09 7.364187280886018e-08 7.687169183989579e-08 3.543059910153733e-08 -1.609759364071306e-09
-1.694239640335122e-10 -5.507892046933733e-10 1.251573945010841e-10 -2.175129669745018e-10 -1.364287394322007e-09 9.663837571427763e-11
9.037148733925036e-12 -6.760645571698953e-13 -9.362906150287674e-12 -1.062693064374333e-11 -5.471924964900866e-12 9.321425062946879e-13
9.823322246360496e-15 3.363654316818592e-14 -1.524422625536262e-14 1.562652733443457e-14 9.452400356391001e-14 4.872571216435283e-16
-4.389456971968145e-16 4.139297961849003e-17 4.193693338471294e-16 4.948943873096502e-16 3.388616705557597e-16 -7.346543301967313e-17
0.08329607434737242 -0.11478007566113 -0.02128504439355534 -0.03615844325986382 0.07762852445186488 0.2458364473747194
-0.002844476377646563 -0.002205800052310745 -0.02099302746669476 -0.01376214226878775 -0.01560039419992063 0.004824838808495758
0.0001965097595474037 -6.90377879033906e-05 -0.0002076831114402497 -0.0001540945071730039 -0.0001747311137220837 -2.499182361953876e-05
8.98597203957402e-07 2.310073661985861e-06 2.604047274997994e-07 2.108588242298558e-06 8.903398169670033e-06 -1.445258583207904e-06
-7.847660198855969e-08 3.481433747903658e-08 8.925858181343477e-08 7.733165739216684e-08 4.306299347071643e-08 -2.457195711388998e-08
-1.202019076029754e-10 -4.430335788484308e-10 1.628205265716994e-10 -5.066224914198535e-10 -1.865817881690428e-09 1.577543522206083e-10
1.150905218951007e-11 -6.274648281262808e-12 -1.401381470318199e-11 -1.227948785852881e-11 -4.455203127723998e-12 5.34872497632423e-12
6.151124687510239e-15 2.460369430744308e-14 -1.350316722057242e-14 3.332059670543537e-14 1.244878050366372e-13 -7.157343129252389e-15
-5.74679620357214e-16 3.698657987427523e-16 7.454151738012772e-16 6.229637208944713e-16 1.676581874746987e-16 -3.132767715631317e-16
0.06607022083592236 -0.05352178430991611 -0.000225031972977729 0.001640962040000626 0.02133162767685555 0.1333484146651779
-0.00306509540487245 -0.001522928161764513 -0.02288190857729887 -0.009831729691878758 -0.02132809828888848 0.00275860774139337
0.0002315785874353764 -8.474516826981772e-05 -0.0001676203903951457 -0.0001534796306785798 -0.0001526318008352312 -4.888951362451254e-05
1.125081566771519e-06 9.617635755519611e-07 2.076414328744389e-06 2.777694320745757e-06 1.081652368693037e-05 -6.011045927759593e-07
-9.042547442575657e-08 5.020595455370773e-08 7.903011243061506e-08 7.815305547318731e-08 3.618669399553446e-08 3.424321512434035e-09
-1.675758613026125e-10 -1.442611110243373e-10 -2.832705731622715e-10 -6.89204583569055e-10 -2.103904634366748e-09 3.441700142557185e-11
1.308396731631478e-11 -9.13820795258559e-12 -1.321520921048131e-11 -1.201326222228511e-11 -2.667538243718831e-12 1.700377934668706e-14
8.985375224871272e-15 6.547659747472153e-15 1.709679531871507e-14 4.564573334552251e-14 1.348363908228245e-13 -1.528313754604514e-15
-6.490781464122674e-16 5.221282364638402e-16 7.262714778697295e-16 5.701434569950908e-16 1.869596799230156e-17 -7.758418729746542e-18
0.06351852976417939 -0.02117351603544187 -0.04209195985044337 0.01581595507130536 0.03566134963822671 0.06404287821621382
-0.00289162382919531 -0.0006048064773130702 -0.02289368794577188 -0.005938147555756199 -0.02292011089267956 0.001296194615783133
0.0002377889081269894 -6.491873064129243e-05 -9.137363369358912e-05 -0.0001046459268033415 -0.0002171638444578225 -3.64727642469198e-05
1.021975957377265e-06 3.092692738046816e-07 2.305283614569649e-06 2.568222724447111e-06 1.146557746432608e-05 -1.776073375155469e-07
-9.341262588663725e-08 3.900688284166198e-08 4.243982321897299e-08 4.895056508350009e-08 7.705609034316136e-08 8.964821174885002e-09
-1.47486602811105e-10 -3.797000914220876e-11 -3.42826252499728e-10 -6.809295312533486e-10 -2.189862208258047e-09 -4.355950460674187e-13
1.364857129541744e-11 -7.016298673423128e-12 -6.728243626846009e-12 -6.608546851408627e-12 -1.021902988400573e-11 -1.313880380672605e-12
7.749199495425469e-15 1.30699627906827e-15 2.093348218239421e-14 4.506303467562175e-14 1.387203452421297e-13 -9.818207966633291e-16
-6.836120530764897e-16 3.950945788372509e-16 3.508391356930221e-16 2.552024546183402e-16 4.475673252036088e-16 6.628334755939993e-17
0.07746895552227921 0.0124796314229559 -0.09380657879378029 0.01517478269174321 0.09968591807361746 0.002953529094170235
-0.002185421605845478 0.0002604211188343784 -0.0216155524872794 -0.001084212053236945 -0.02229201920095011 0.0001706286384006333
0.0002157010351974595 -3.998145046978077e-05 -1.770098027539713e-05 -4.814360822833168e-05 -0.0003300039996776764 -2.073092961140697e-05
5.95104245997109e-07 -1.813650422153598e-07 1.642787729214198e-06 1.880443838544538e-06 1.158503365949057e-05 5.131451222803766e-08
-8.534913067247075e-08 2.386506944746024e-08 5.503870073116671e-09 1.670141019716308e-08 1.375981863918769e-07 1.026181894497214e-08
-6.637015139137044e-11 3.636166907740083e-11 -2.132109107991177e-10 -5.67294842079079e-10 -2.228132115315367e-09 -1.590254393912774e-11
1.259351860135385e-11 -4.197826296605033e-12 -1.270613918350765e-13 -1.182966764563652e-12 -2.091850854561111e-11 -1.87545363882242e-12
2.907824143950212e-15 -2.314006725302899e-15 1.2651118241311e-14 3.726591465689896e-14 1.408597927310129e-13 -5.364738121396154e-16
-6.370628806666093e-16 2.3171953528826e-16 -2.85055436370724e-17 -2.986325676068224e-17 1.048840204978186e-15 1.009060924122006e-16
0 0 0 0 0 0
